197,167,294,429,449,395,417,460,429,405,434,530,641,642,604,616,682,740,706,597,476,477,598,696,726,689,595,469,444,502,498,425,353,344,392,429,397,341,294,263,271,308,358,380,324,234,201,250,312,348,337,297,270,318,397,448,434,415,409,421,414,391,360,338,344,348,397,452,454,466,480,448,410,389,386,408,440,472,469,476,469,423,399,400,444,507,511,480,446,441,447,428,424,467,491,489,504,545,576,553,505,493,506,508,487,449,403,409,480,573,581,507,447,459,523,549,503,424,396,438,544,662,725,730,644,502,355,237,169,127,138,220,331,433,540,632,676,685,687,683,683,707,702,635,537,514,592,689,679,591,528,530,569,574,530,483,491,534,581,626,622,599,595,577,594,643,694,693,639,607,638,649,626,593,555,544,561,547,512,500,486,444,401,399,434,440,400,355,336,353,385,394,374,372,393,423,484,538,551,526,498,519,549,555,535,524,529,536,568,569,547,528,538,574,608,605,572,564,580,580,576,558,531,542,570,553,496,494,542,593,572,477,420,435,465,509,519,485,447,437,431,430,433,422,442,493,524,500,454,446,478,537,566,544,497,458,499,560,553,542,550,531,503,498,493,457,431,416,457,550,665,767,778,671,514,361,232,166,168,245,355,442,527,607,666,700,719,717,698,672,632,609,617,622,587,552,536,531,520,510,512,506,504,523,529,519,519,520,512,522,525,493,461,469,503,524,531,543,549,564,590,596,572,542,533,539,546,567,570,552,555,551,526,475,452,483,517,500,455,422,388,388,455,527,564,562,539,521,500,486,484,500,535,542,540,542,532,536,550,538,518,511,499,494,507,487,474,495,551,621,639,613,594,551,487,439,442,488,531,556,562,569,564,578,576,518,487,510,528,498,477,476,464,465,466,463,472,492,530,550,544,555,580,597,579,557,524,517,544,565,557,549,553,556,571,571,548,545,598,688,774,756,597,403,265,195,195,232,263,309,390,506,613,676,683,649,615,623,649,660,647,614,575,550,529,517,525,538,561,565,540,520,513,529,547,526,462,389,403,474,544,564,572,541,505,528,554,544,540,556,586,614,572,522,523,551,573,556,498,463,442,422,406,364,315,335,397,432,435,440,442,460,488,498,511,544,558,536,518,521,527,531,566,551,528,536,549,537,512,504,505,508,535,557,594,593,547,489,493,555,583,560,508,524,571,587,579,556,564,551,512,487,477,465,470,465,460,478,509,530,543,519,509,515,536,581,581,546,538,541,552,546,545,570,570,546,509,465,462,494,533,539,500,469,499,554,663,768,735,585,415,288,221,184,189,253,356,468,554,639,700,739,754,723,671,614,582,561,558,587,640,645,605,548,489,473,505,533,490,431,416,441,468,482,485,471,476,515,554,570,567,549,541,558,569,558,564,565,552,532,527,539,562,581,564,548,560,545,499,467,455,423,400,425,463,463,425,386,404,448,490,510,504,512,556,586,582,563,535,503,499,525,543,548,549,566,573,557,520,502,531,593,628,608,575,537,502,504,546,571,547,513,515,543,574,565,545,524,496,504,533,551,511,480,500,537,544,509,455,417,423,462,503,512,510,522,545,545,530,506,490,478,473,496,540,555,551,537,529,516,481,482,510,518,544,577,608,671,729,696,562,401,273,204,176,184,237,347,487,601,670,703,701,679,658,639,638,633,589,548,539,554,574,596,583,550,514,524,523,504,510,561,569,521,486,478,487,522,548,567,579,565,536,493,491,515,532,563,610,623,578,527,514,523,525,513,486,476,471,451,424,407,383,392,425,424,420,423,419,448,502,551,551,511,481,482,513,558,603,617,633,619,572,547,549,568,578,557,505,498,511,518,504,519,557,573,569,563,556,568,575,573,541,513,536,588,624,631,604,568,555,534,489,501,547,542,470,417,438,487,528,533,501,475,466,492,512,518,516,505,488,478,474,488,519,526,519,494,455,448,472,496,497,508,560,618,675,701,650,538,410,285,214,195,212,255,343,468,583,665,717,709,673,632,622,597,550,533,559,588,598,583,551,533,512,478,482,527,572,562,518,488,491,506,484,491,529,558,577,580,555,522,502,497,487,519,547,544,537,542,547,517,512,530,529,517,505,464,410,367,373,419,463,480,481,439,394,406,438,430,431,482,525,521,497,497,517,543,538,536,560,581,591,574,541,525,526,526,536,583,613,611,621,619,580,537,492,481,504,529,537,544,575,578,557,551,524,491,469,480,487,472,474,493,500,493,493,536,590,616,603,572,563,548,510,480,492,547,585,585,557,527,486,475,513,558,555,537,517,483,485,559,667,761,777,668,504,346,219,150,136,200,319,415,486,562,653,728,739,715,690,671,632,570,500,448,488,599,680,722,742,740,729,719,684,610,551,537,539,565,606,605,571,516,488,470,470,495,508,522,543,565,543,523,539,566,574,542,524,500,454,431,450,460,451,427,377,362,378,395,410,420,402,356,348,343,337,341,379,445,488,512,527,520,503,494,493,483,507,521,491,465,513,601,627,603,573,556,522,460,447,523,567,559,547,545,559,538,478,429,389,364,353,354,362,387,426,462,516,496,430,426,458,493,526,539,542,534,520,537,580,597,577,606,659,690,656,619,611,623,641,655,643,608,610,637,647,620,563,517,506,540,627,727,767,789,781,687,508,336,245,221,248,315,434,556,637,671,679,688,677,679,675,696,740,762,750,702,658,659,692,680,647,623,568,540,547,537,523,547,570,589,594,594,557,517,492,489,498,530,575,578,568,588,634,690,711,697,704,747,753,716,657,579,566,616,647,622,570,534,516,510,468,402,356,366,414,418,419,427,426,388,335,298,283,289,287,292,321,342,334,326,338,333,296,307,374,437,454,463,480,479,444,424,436,455,463,466,477,497,487,451,418,408,418,408,399,408,416,431,415,372,394,462,499,434,371,352,367,360,284,195,151,146,134,83,0,0,0,0,0,0,0,0,0,0,0,0,0,0,0,2,156,415,647,749,711,627,522,424,359,310,288,294,320,333,343,343,352,332,313,341,391,435,474,556,658,726,765,839,949,1023,1023,1023,1023,1023,1023,1023,1023,1023,1023,1023,1023,1023,1023,1023,1023,1023,1023,1023,1023,1023,1023,1023,1023,1023,1023,1023,1023,1023,1012,921,882,842,789,739,662,579,546,541,517,491,499,543,573,583,561,538,522,507,504,510,523,537,550,577,606,636,607,529,470,483,521,550,558,585,620,619,606,580,545,518,489,448,437,473,520,502,444,412,431,456,433,382,368,374,406,408,407,390,396,416,409,399,387,358,319,304,321,356,372,364,366,386,432,464,444,408,380,398,438,468,509,544,559,519,472,471,493,533,602,717,819,805,680,534,354,211,154,169,222,284,358,487,644,715,691,677,685,693,671,607,543,512,533,550,543,525,534,554,570,571,547,498,455,435,451,470,494,507,519,526,517,519,555,550,469,414,428,492,514,530,578,617,604,574,545,520,528,544,511,462,422,377,360,387,384,391,448,487,492,476,466,457,459,471,483,477,463,475,514,527,505,467,432,428,460,496,481,487,496,472,470,467,465,512,539,556,590,597,574,553,562,572,583,610,626,622,609,598,586,572,570,596,624,605,544,504,487,501,512,496,474,476,494,510,508,474,437,427,448,490,527,556,599,596,556,495,444,424,433,489,525,524,517,526,526,511,489,476,474,535,659,760,739,598,432,301,194,128,127,199,347,494,591,627,655,703,718,727,717,696,672,614,570,553,582,601,547,501,530,579,576,546,525,514,505,504,499,501,496,532,555,510,479,497,518,507,504,518,544,565,559,559,560,569,584,586,560,548,542,515,473,423,382,385,441,504,500,441,392,385,405,425,446,465,466,472,486,511,532,538,524,490,500,543,575,573,522,473,473,522,581,609,619,572,496,482,510,545,572,575,563,542,517,533,556,547,528,525,535,565,585,567,533,514,488,464,495,538,537,540,554,556,521,476,454,463,487,494,497,508,534,553,535,517,516,522,525,547,551,542,544,568,566,540,508,493,520,543,549,608,697,729,651,508,332,202,150,195,292,398,489,531,567,611,654,664,664,683,705,681,642,602,563,530,539,559,543,515,489,472,470,463,486,537,541,518,506,494,512,534,557,551,514,488,495,515,543,536,539,562,608,607,570,551,539,540,551,563,524,490,495,507,491,464,467,480,438,391,395,425,440,433,419,420,451,485,508,510,504,518,554,567,584,609,594,533,470,466,492,529,561,554,550,562,564,535,511,511,544,597,615,586,557,535,539,544,532,513,518,531,521,520,509,488,485,512,511,493,517,541,538,509,480,481,507,528,533,532,542,533,518,497,498,516,522,515,504,515,555,588,586,575,556,506,480,515,560,615,674,735,751,671,517,329,183,133,173,236,316,428,529,595,638,664,680,679,663,645,632,613,576,550,563,624,663,628,543,454,418,438,479,522,545,522,503,527,538,515,498,485,482,517,557,551,532,496,502,538,550,556,575,593,595,572,542,522,516,494,471,486,479,455,452,451,452,419,364,345,367,394,434,484,512,512,507,498,487,475,493,500,496,502,529,553,551,561,564,553,541,530,526,537,549,548,560,566,560,554,573,593,573,558,548,517,506,537,555,535,489,493,559,586,575,545,502,497,518,532,531,504,478,480,504,511,499,504,504,508,537,560,548,517,491,489,505,540,559,553,567,574,528,486,488,513,513,513,534,583,672,763,743,589,407,257,172,159,203,283,374,475,572,630,681,716,737,740,698,650,605,566,557,565,569,545,518,530,560,572,553,536,525,508,506,504,488,485,500,518,542,532,510,527,565,548,508,476,455,462,490,534,581,602,594,564,538,523,519,506,488,471,438,415,425,436,436,433,430,449,469,456,443,459,484,469,445,452,508,561,568,547,559,582,567,568,567,561,561,551,529,522,518,511,544,585,581,567,566,560,528,496,489,512,542,556,548,566,575,573,564,545,543,533,502,479,482,481,470,478,512,531,515,507,512,518,533,534,525,526,511,496,484,490,515,521,520,526,536,566,566,540,510,501,518,508,489,506,577,655,706,710,635,508,380,273,222,217,257,339,428,515,571,624,675,704,683,650,631,628,627,588,560,558,551,554,545,540,531,521,536,546,538,527,516,484,450,464,528,575,562,522,471,477,530,556,534,512,509,534,573,604,605,595,595,567,540,504,472,446,444,452,481,501,487,441,400,395,409,410,403,405,439,479,521,529,500,491,514,536,536,531,530,546,554,543,519,477,461,492,541,568,567,553,562,588,563,479,438,478,558,617,614,596,575,555,541,538,524,495,463,470,514,561,573,551,516,477,460,483,497,488,490,529,551,516,487,496,531,547,543,514,492,507,538,542,525,536,586,622,585,515,460,453,468,507,530,554,633,752,779,689,540,355,201,113,118,221,364,478,552,608,650,700,741,752,733,655,572,538,547,570,569,563,553,546,544,532,514,532,555,539,528,544,542,522,515,538,586,569,481,424,432,454,476,527,606,636,628,624,586,545,525,517,529,559,582,599,555,498,453,412,368,350,358,353,376,431,497,530,506,481,476,474,462,467,497,549,570,551,508,474,480,528,558,552,542,588,625,593,541,523,535,540,518,503,504,504,506,534,579,612,603,546,510,519,548,560,542,511,492,521,567,566,538,505,468,459,482,490,476,503,555,562,545,517,475,469,502,543,570,598,622,596,508,461,474,490,499,516,524,531,531,515,508,525,570,663,727,688,550,402,303,230,182,204,287,371,472,584,665,685,677,675,680,680,679,667,635,577,526,519,544,574,572,533,524,514,478,485,529,539,537,537,534,531,538,541,536,499,466,467,473,478,524,567,607,623,606,603,587,519,472,481,529,550,548,525,485,434,398,418,456,441,407,414,401,397,424,439,433,443,472,509,527,527,540,553,538,504,506,527,534,538,562,584,581,541,490,454,478,529,543,552,566,578,580,576,583,600,580,538,518,527,532,507,455,433,454,516,557,538,526,529,529,556,553,530,518,529,535,518,505,500,499,488,487,502,517,532,552,539,490,452,473,517,548,534,517,529,556,578,563,524,500,521,589,673,747,754,639,462,282,193,194,218,253,344,461,568,651,672,673,680,680,679,657,644,645,627,574,521,502,500,505,510,504,516,534,545,529,529,537,506,473,456,456,491,534,547,547,545,531,542,551,549,535,508,509,536,574,608,625,588,532,480,441,463,504,526,519,478,435,412,414,420,431,451,468,473,483,496,506,478,448,460,501,519,534,546,553,557,529,502,508,529,540,559,563,562,592,611,609,554,489,474,483,489,520,547,552,550,552,561,592,611,579,539,529,509,491,505,508,491,453,423,452,502,527,522,521,514,495,488,527,562,545,512,516,547,560,562,561,552,531,516,518,537,560,548,496,447,449,518,621,688,713,700,617,461,295,190,160,201,297,409,501,587,639,664,688,706,703,689,648,591,566,583,606,572,535,530,529,527,499,501,529,552,559,537,496,449,457,496,513,496,497,516,521,521,520,506,502,523,542,544,555,588,586,551,544,546,531,524,529,515,473,436,417,440,458,451,432,399,404,427,436,444,484,484,482,509,540,546,541,526,504,500,505,492,502,534,556,565,569,563,559,537,515,528,549,552,533,538,557,548,529,545,551,519,512,507,495,513,550,588,610,590,552,525,498,503,544,570,539,491,459,468,484,491,496,492,497,522,527,515,524,540,552,573,579,556,511,474,476,505,523,541,539,527,529,563,600,658,728,753,677,511,339,224,190,180,215,305,397,481,583,662,711,729,702,663,625,609,620,622,593,546,514,535,577,596,577,518,469,479,513,508,500,521,538,533,530,517,491,489,504,534,564,530,502,543,579,568,546,550,559,538,534,551,554,534,498,471,455,468,477,455,449,445,432,444,469,479,451,416,419,445,467,474,472,502,556,581,555,510,510,536,554,551,534,519,521,527,534,528,525,548,568,553,556,543,531,534,537,510,485,505,545,582,590,551,529,565,584,563,528,505,513,515,501,487,485,492,513,539,520,509,517,515,502,497,495,500,502,500,508,529,531,527,538,555,579,587,569,545,525,507,492,501,497,489,522,628,761,768,619,454,311,212,180,189,236,316,416,504,594,682,729,735,716,679,653,647,644,609,582,569,540,527,536,521,523,521,506,478,482,510,524,526,515,529,574,601,564,504,466,465,507,534,517,498,528,605,639,592,533,514,519,536,545,536,505,483,482,468,432,414,414,416,415,428,474,494,462,438,440,474,483,478,477,486,519,558,571,568,549,529,548,585,580,549,549,541,511,519,516,505,489,481,499,531,543,557,573,552,552,601,613,552,519,516,507,498,510,523,539,554,544,520,527,550,533,512,512,487,448,439,466,495,515,542,561,561,558,563,556,532,515,517,529,538,534,526,531,555,568,559,508,452,436,493,572,640,693,650,536,391,274,216,225,278,358,465,550,610,639,630,623,620,612,635,683,682,647,594,555,563,564,536,519,524,536,532,528,509,490,496,524,549,531,510,518,497,475,498,509,495,529,580,584,549,518,506,519,540,563,558,547,563,559,553,528,491,457,451,477,480,435,394,403,442,473,489,484,468,465,480,501,514,502,487,478,493,500,492,493,519,540,555,550,557,553,534,540,559,553,531,536,565,569,568,561,541,509,512,537,536,527,545,564,559,555,555,542,518,494,488,497,485,480,493,500,521,545,553,547,500,469,484,508,524,518,503,499,497,525,566,581,581,521,463,475,532,578,588,528,460,501,611,706,748,713,583,435,328,240,182,187,238,335,479,600,643,667,667,656,663,643,635,626,611,602,587,590,585,563,542,543,560,532,481,487,512,521,500,477,476,492,512,524,528,519,529,554,564,556,538,513,509,525,518,510,535,568,569,556,556,549,504,487,492,489,475,466,452,422,405,420,458,490,476,441,434,447,467,502,524,504,501,524,537,543,534,543,525,520,542,531,510,513,553,582,551,517,531,566,593,561,519,510,516,495,485,499,522,537,551,578,596,571,531,495,484,473,480,492,501,519,526,507,503,500,509,536,548,549,534,504,471,477,528,549,555,582,568,516,496,487,473,486,524,551,559,531,515,564,624,687,726,699,614,479,325,234,219,241,306,397,492,579,619,653,666,669,684,690,676,642,597,567,558,569,560,553,543,547,540,510,483,483,508,532,530,514,513,506,500,498,503,529,557,556,541,531,523,518,545,574,564,553,560,562,573,571,539,481,444,424,406,412,423,424,416,387,350,338,361,408,442,433,429,459,486,500,499,473,479,523,540,547,575,593,571,560,571,612,636,618,608,600,573,539,533,551,571,585,604,611,587,549,535,551,547,531,543,571,574,561,542,533,551,559,557,557,526,483,450,463,489,515,540,519,508,502,508,549,590,574,550,560,547,521,494,504,527,517,496,510,537,540,495,435,432,463,496,542,607,655,688,689,582,410,276,207,175,187,261,383,508,598,657,688,671,655,653,645,611,580,550,531,556,574,549,527,524,518,503,491,521,555,559,540,523,510,500,503,496,498,529,536,527,527,532,527,527,552,586,588,570,568,568,571,578,577,561,522,490,467,438,409,422,458,466,455,476,531,591,578,476,421,425,447,486,525,542,548,545,525,513,517,527,561,582,545,489,453,457,449,456,503,544,551,543,521,508,525,546,530,511,531,550,546,536,547,560,564,567,574,585,578,560,549,571,594,595,550,508,489,464,459,475,472,453,462,483,491,472,435,422,433,471,486,448,427,450,502,515,480,474,480,455,436,466,549,666,744,719,618,475,337,227,180,197,267,370,473,556,609,667,725,750,713,657,664,687,682,639,574,529,538,578,562,527,515,539,550,557,554,522,521,521,509,525,506,478,480,510,549,575,539,500,506,529,565,596,599,583,563,551,532,526,543,553,558,518,492,520,495,425,374,394,435,445,442,437,446,492,555,570,508,422,396,433,492,534,559,570,580,586,574,554,530,524,547,577,607,599,579,540,531,566,586,586,568,550,551,537,532,552,537,487,502,542,545,537,531,526,521,509,499,480,468,480,508,521,526,496,483,490,505,537,558,543,543,555,556,567,582,568,549,530,514,510,524,534,505,455,431,447,489,548,668,792,812,681,480,302,192,163,155,186,280,402,509,583,636,658,668,654,632,618,617,620,629,626,604,596,562,539,528,497,482,514,539,534,541,531,490,469,531,611,620,563,496,453,452,491,540,569,569,576,599,629,631,611,568,532,541,546,510,494,496,479,460,439,438,438,392,343,355,397,435,463,463,458,464,482,534,560,506,458,476,527,540,521,509,534,569,601,576,510,479,510,532,519,521,536,531,529,538,579,625,622,578,518,494,496,508,521,521,517,524,519,522,568,598,574,539,513,514,505,464,437,472,518,541,545,499,463,511,579,579,556,524,487,477,511,557,583,563,529,509,508,522,524,511,502,500,536,611,702,750,686,543,388,260,228,240,248,275,351,458,584,682,729,730,693,627,605,622,616,587,564,546,548,568,571,566,551,549,541,513,490,475,472,495,515,518,506,502,506,502,495,513,524,517,518,536,573,600,582,555,531,523,553,589,576,555,556,542,506,472,428,384,380,417,452,458,441,419,415,431,461,497,531,551,547,512,465,461,501,540,560,551,528,529,547,546,525,511,525,553,576,560,538,531,516,498,481,505,547,563,575,568,543,522,516,545,575,553,527,514,499,484,472,481,501,519,541,564,556,530,505,471,467,481,465,481,538,588,592,569,542,524,498,476,478,496,513,528,559,587,614,589,531,506,515,565,637,691,691,604,451,302,215,206,241,313,422,531,608,652,673,680,672,644,639,626,575,532,529,563,581,573,545,512,531,560,569,556,529,509,498,494,506,527,522,518,519,536,538,528,529,527,517,519,543,562,563,554,547,561,550,534,532,534,518,503,504,478,464,465,463,454,449,458,461,447,428,437,482,485,419,378,414,475,509,505,512,541,556,580,563,528,527,549,547,531,539,565,567,531,507,504,481,479,521,572,606,604,568,538,517,503,501,526,542,539,543,558,578,566,527,490,467,475,500,519,522,498,481,485,504,527,551,539,530,530,515,496,496,515,548,560,568,585,601,607,570,501,449,416,440,513,618,736,788,725,565,396,270,229,268,292,287,302,395,515,607,692,727,684,641,627,617,616,618,613,604,603,575,531,529,536,521,505,497,479,484,512,510,500,513,514,502,505,499,509,521,530,533,536,547,557,549,564,572,556,541,554,570,546,505,509,542,550,514,489,484,470,457,473,474,458,430,411,435,465,466,458,457,481,531,568,573,562,556,537,498,463,470,480,476,484,503,538,545,557,569,571,553,541,535,524,522,529,526,529,537,541,551,527,487,480,478,497,522,531,515,525,560,566,549,519,470,451,469,486,492,496,517,531,550,575,570,548,557,591,596,583,558,502,451,455,474,481,481,477,494,549,615,680,745,753,647,480,337,246,183,175,233,324,423,535,636,692,694,685,682,686,677,653,610,551,506,514,558,589,585,585,568,550,545,528,512,511,503,508,490,466,476,496,548,583,590,593,570,528,500,490,493,496,505,507,515,557,601,618,596,583,561,533,511,464,385,335,350,401,430,427,418,415,430,444,460,483,492,495,501,494,495,526,540,553,565,569,554,533,527,523,530,558,565,546,543,565,589,587,567,544,513,512,527,514,494,480,506,542,560,575,592,594,582,567,524,479,447,459,508,531,507,495,515,514,514,527,562,568,549,499,467,470,492,507,513,519,529,540,550,549,555,564,542,509,487,487,512,529,532,579,658,728,734,630,463,321,232,181,183,265,406,525,573,595,609,619,629,647,662,679,674,644,593,559,567,545,496,473,484,509,533,540,545,559,555,530,527,533,520,491,504,507,489,494,516,522,520,534,545,541,537,544,562,584,583,558,508,479,502,529,540,535,515,497,479,441,390,342,353,415,490,510,517,551,540,502,465,447,433,430,466,513,542,566,569,554,536,555,588,563,511,474,491,538,571,561,516,508,561,596,587,550,505,513,548,573,570,517,471,486,541,575,573,563,549,507,484,479,467,471,472,486,532,549,527,521,535,552,539,521,529,548,539,527,519,520,533,530,509,499,533,561,544,499,480,539,606,677,707,637,519,400,278,200,209,268,340,462,547,584,624,643,638,635,623,606,615,644,654,629,613,619,589,549,505,463,452,475,524,550,531,525,551,570,560,532,481,465,513,545,550,536,499,502,536,551,564,568,540,508,528,563,575,588,593,603,603,531,444,390,365,377,401,435,466,457,433,448,455,462,498,499,462,424,430,491,527,519,507,526,555,549,545,574,577,564,552,539,527,540,557,547,551,565,559,546,542,546,540,538,520,509,516,545,561,547,534,526,537,547,512,446,410,433,496,543,552,527,503,506,529,558,543,503,482,462,466,508,544,532,523,541,545,533,535,556,553,521,494,480,471,502,600,738,865,838,652,442,265,173,156,177,250,364,488,591,676,713,731,725,670,598,579,588,591,575,535,497,506,557,584,587,578,550,502,462,456,473,495,502,502,513,539,521,496,492,525,535,496,479,523,551,567,612,643,601,545,534,546,556,550,533,506,498,509,512,483,456,414,356,344,385,394,401,430,450,480,499,498,505,530,565,559,531,498,484,520,584,616,572,521,507,512,510,516,536,555,598,605,569,531,511,498,481,479,511,547,571,583,579,572,576,575,567,533,484,465,476,506,517,510,504,523,562,563,507,442,445,492,537,544,536,532,538,543,517,503,498,498,535,548,539,529,534,541,547,545,508,455,420,448,563,712,816,790,638,441,300,238,214,184,195,308,479,615,671,693,702,696,676,655,636,582,557,569,583,572,572,587,574,533,509,515,510,503,518,521,524,540,545,527,503,519,546,543,490,441,433,483,571,614,584,550,536,535,536,554,575,559,535,516,511,517,514,492,461,430,418,435,418,377,366,392,424,475,527,534,509,499,501,513,542,553,527,495,483,488,539,583,594,568,536,538,552,518,500,520,535,547,543,526,521,528,560,587,593,566,513,488,485,493,520,551,543,513,515,550,569,566,538,486,480,484,477,490,513,522,524,519,511,515,494,490,519,514,510,523,542,567,581,571,570,548,513,488,479,484,507,561,626,702,733,668,528,353,215,152,181,274,382,476,544,582,638,681,693,693,656,627,627,626,599,583,580,561,543,560,586,588,552,521,515,509,496,484,491,526,537,518,513,526,532,515,492,492,503,517,548,568,572,532,500,518,566,603,620,599,564,515,459,439,451,475,480,453,426,419,419,411,412,435,454,465,474,461,447,475,511,515,501,521,563,583,573,558,545,536,534,542,527,494,480,505,541,541,535,535,581,626,610,574,536,492,474,480,503,522,529,560,567,582,584,546,515,530,527,509,510,509,500,500,497,476,472,504,523,540,553,554,543,519,496,498,506,517,534,550,569,564,515,492,472,462,485,536,589,645,710,752,704,538,337,197,171,196,254,332,413,492,572,633,663,655,639,645,649,635,626,631,620,577,519,497,514,532,550,542,520,524,540,529,537,568,561,534,499,476,479,499,503,513,527,541,543,533,552,584,591,579,563,522,492,519,550,558,550,533,527,504,455,414,398,419,451,459,442,421,413,442,478,486,482,453,462,483,476,484,516,543,563,568,542,531,548,545,539,556,575,580,589,591,579,570,560,543,522,497,491,518,545,548,523,507,506,510,558,588,569,523,500,496,504,480,456,464,484,504,524,538,526,535,534,532,555,562,528,493,492,493,502,508,513,517,490,459,493,529,545,522,497,539,636,744,781,707,534,355,229,169,178,231,313,417,514,582,653,711,723,684,675,696,681,668,683,685,625,520,432,447,512,536,548,548,530,505,498,499,519,551,555,560,553,537,513,496,503,518,554,576,564,547,544,554,548,527,523,537,553,565,543,485,460,456,455,455,444,438,432,433,441,449,447,450,449,461,458,444,443,472,510,542,550,527,512,528,572,601,590,555,528,496,496,528,536,546,573,572,547,517,513,523,514,509,497,511,545,567,569,553,529,531,547,570,569,538,517,472,459,498,530,528,512,502,509,525,515,511,509,495,486,509,521,516,525,539,546,537,527,524,524,517,515,494,508,539,519,494,499,531,595,671,739,715,584,426,304,212,191,234,316,395,493,608,655,659,660,667,658,645,649,637,601,578,597,601,563,511,481,494,517,533,537,547,528,498,487,487,496,504,523,534,531,535,535,543,540,529,511,480,471,493,543,603,619,604,565,543,547,558,579,594,567,489,408,372,357,372,394,409,418,435,444,441,461,501,533,542,542,543,525,487,477,486,495,511,521,537,568,565,556,557,554,534,547,564,551,533,544,567,573,554,545,524,496,514,552,576,576,537,524,548,572,566,533,488,453,449,470,505,532,541,534,527,512,495,474,492,497,485,481,482,520,594,610,577,572,562,532,510,493,465,451,474,551,631,699,733,718,659,553,431,335,251,204,220,271,346,472,611,698,702,660,637,643,623,615,626,621,590,561,580,611,597,534,480,472,514,565,579,561,524,468,439,452,487,492,508,515,493,497,510,504,501,496,494,511,526,559,569,560,547,559,578,582,562,515,476,491,527,504,421,355,363,406,446,455,439,444,478,491,471,458,484,512,525,526,504,495,518,540,561,579,584,559,525,506,506,523,530,501,500,531,558,583,607,609,567,517,516,548,556,532,517,537,538,516,510,514,526,532,520,505,505,502,507,546,550,503,465,489,531,557,552,542,530,521,511,497,502,523,525,540,573,567,512,481,486,515,515,505,564,657,721,766,724,536,322,193,156,182,255,369,474,561,642,714,753,727,667,622,602,579,540,527,531,553,566,548,526,516,527,533,532,536,546,559,534,504,511,498,491,513,547,563,542,513,497,483,472,510,551,569,567,554,544,561,593,595,575,563,531,492,470,440,424,451,469,445,422,432,445,441,429,404,428,500,539,521,501,496,504,533,561,560,525,495,495,497,486,492,535,559,572,570,559,569,588,569,513,503,524,535,542,525,508,511,504,500,526,568,572,545,532,551,563,536,511,540,562,549,537,517,489,480,487,487,500,512,517,510,476,487,539,570,569,557,545,529,509,504,525,534,510,481,485,497,505,550,633,707,739,703,572,424,319,267,254,253,291,345,440,566,658,689,660,622,597,603,618,615,597,575,575,582,578,604,600,561,541,536,518,494,473,466,492,519,540,565,564,537,512,498,467,461,496,546,564,566,575,560,537,520,505,520,550,575,595,583,522,462,442,455,466,448,404,391,411,444,463,501,545,518,456,434,440,454,482,496,487,517,539,541,552,571,577,557,511,494,492,523,560,568,558,541,530,508,512,557,604,606,565,555,560,553,532,509,495,512,545,583,589,550,533,519,472,468,491,499,498,512,536,527,496,464,460,487,524,530,520,525,549,575,568,545,525,494,515,536,504,467,460,461,473,535,628,730,783,712,566,407,286,225,216,237,290,383,505,611,655,668,687,688,673,643,611,607,597,548,515,524,555,582,579,554,542,546,541,488,437,430,462,496,520,528,534,545,545,519,492,495,532,580,594,579,548,537,552,549,519,530,565,587,579,534,487,459,444,441,433,432,437,448,446,435,418,429,477,490,478,469,468,473,478,482,500,555,616,615,573,559,529,496,504,536,566,585,560,513,507,507,506,497,493,531,568,582,582,589,583,565,531,527,546,537,519,527,536,545,575,588,560,517,471,402,360,390,480,557,554,526,523,540,554,553,543,532,527,519,515,508,508,535,556,556,541,527,495,465,463,547,688,806,824,701,508,358,258,205,221,272,358,445,510,566,627,660,660,628,601,583,575,590,583,585,589,583,584,574,544,504,480,497,544,555,547,537,516,534,536,497,482,493,481,461,487,516,498,487,526,588,606,591,580,567,568,569,595,595,548,508,490,471,455,456,461,440,418,411,420,447,454,454,444,440,446,471,517,552,555,520,478,463,453,451,503,578,614,617,614,585,546,521,499,474,479,511,538,551,561,554,551,579,590,575,558,515,488,497,521,560,577,540,488,477,519,546,549,527,499,506,507,497,509,524,544,546,501,452,438,462,499,525,538,553,566,560,546,541,561,583,602,598,556,507,457,433,474,569,683,735,679,522,337,238,215,226,238,302,448,559,593,624,675,690,663,644,656,647,648,649,612,580,580,607,591,548,519,496,459,437,457,496,523,524,520,530,534,520,521,551,570,549,493,467,493,523,523,529,535,545,559,578,585,573,561,558,564,543,502,450,423,422,423,417,393,386,407,441,449,446,444,457,488,539,556,543,523,490,486,482,469,495,549,594,586,571,552,536,556,560,543,564,575,537,504,499,491,492,508,534,567,607,614,572,525,508,515,523,538,531,509,485,488,528,549,545,537,532,517,494,478,485,515,530,523,520,542,559,557,536,508,483,489,510,506,496,520,552,553,524,522,538,556,582,644,713,721,625,466,333,211,150,162,226,340,457,552,633,693,733,742,709,675,634,605,608,596,565,530,515,541,570,563,545,547,556,513,473,473,480,497,499,496,507,496,488,509,548,579,586,574,556,556,545,546,559,560,544,501,484,534,559,536,540,526,494,475,466,458,442,439,458,444,401,375,384,420,462,496,513,535,547,545,524,504,493,502,536,554,537,545,563,545,529,532,537,527,513,511,511,548,604,635,625,599,552,507,494,516,530,527,510,506,524,525,522,547,575,584,566,509,460,431,412,424,470,504,523,535,540,515,513,533,520,495,500,522,553,578,567,540,522,529,547,546,543,532,530,596,691,750,710,576,414,290,238,224,225,270,361,482,579,623,613,622,647,671,678,649,637,646,643,602,533,498,487,491,517,529,523,535,545,535,517,485,450,457,491,525,533,541,552,555,556,531,510,521,530,533,576,586,526,491,528,571,587,588,568,537,504,456,409,384,410,457,474,454,443,456,470,467,465,501,517,492,450,434,465,498,523,529,522,526,558,586,575,541,518,510,512,524,541,540,535,548,574,569,573,579,577,556,540,552,571,563,541,518,508,512,512,481,472,487,494,493,486,480,486,502,532,549,515,489,512,543,544,519,506,529,550,566,576,564,524,488,484,514,544,552,532,513,529,573,615,663,705,686,566,416,292,218,188,211,289,394,482,567,641,711,736,675,631,639,644,640,625,608,616,596,569,537,505,513,541,540,517,494,474,489,509,512,519,543,541,520,496,472,473,490,526,560,580,587,574,577,589,588,558,516,505,516,508,487,493,513,516,481,424,398,409,394,352,379,442,487,473,453,461,480,506,529,510,497,510,506,496,492,526,557,560,557,543,531,524,518,531,551,558,554,560,570,579,567,500,472,509,568,596,592,565,551,531,509,548,579,566,512,460,445,452,486,545,572,572,563,537,512,524,546,517,478,448,440,451,487,536,567,585,589,585,545,497,491,488,497,539,560,533,492,474,531,635,750,795,689,470,265,172,197,280,330,351,403,498,602,679,696,673,649,651,665,642,582,560,611,660,647,602,548,495,460,463,470,475,494,514,520,544,559,538,474,437,460,481,514,560,587,584,569,550,523,505,510,527,547,567,554,530,534,547,563,593,576,495,406,378,386,398,403,416,418,418,451,467,470,480,495,496,499,526,557,561,549,558,573,574,573,526,484,488,533,569,571,567,558,568,577,560,545,545,532,504,513,517,488,469,498,554,604,589,551,536,499,480,479,465,467,503,545,551,543,524,480,441,430,440,481,527,551,537,515,530,538,550,564,563,580,580,568,561,555,499,435,440,479,556,655,764,801,710,530,334,207,176,211,283,353,417,494,580,625,663,688,686,682,681,664,641,615,601,584,545,520,515,514,510,525,532,568,583,551,509,478,503,543,553,543,538,521,505,497,499,530,544,535,555,567,547,542,568,590,567,529,503,465,464,490,492,461,419,415,460,510,493,437,387,391,407,419,441,496,522,501,495,499,515,564,582,525,485,492,504,541,584,580,547,546,574,580,545,507,489,492,526,586,601,541,517,536,551,552,559,547,514,500,520,523,476,454,495,529,525,513,517,534,518,494,509,539,561,545,514,493,497,528,548,553,552,547,544,536,515,503,503,485,492,506,501,505,535,595,653,701,710,659,551,414,294,188,132,178,305,448,545,627,680,705,706,683,647,620,609,598,585,571,564,568,573,577,555,542,540,529,533,555,554,487,425,418,447,501,550,546,530,532,531,550,551,510,505,558,588,586,569,555,548,527,495,497,499,504,526,518,480,438,426,438,427,404,388,357,354,414,482,519,510,490,501,513,511,518,517,496,487,516,563,583,556,527,527,539,549,549,539,567,602,585,542,513,500,519,547,556,571,586,585,566,527,519,536,533,526,517,522,541,530,534,539,511,502,496,491,496,479,463,478,506,545,559,545,527,535,545,526,529,558,583,587,548,492,472,492,515,508,485,480,522,572,655,738,746,659,500,314,188,164,177,220,316,445,563,630,664,695,727,711,690,689,673,625,584,560,538,542,571,571,533,481,483,538,562,547,516,486,470,478,513,542,546,542,550,547,507,483,498,515,536,544,557,588,593,548,500,481,497,527,549,563,535,494,462,452,455,446,423,404,395,400,420,454,473,463,462,489,499,489,500,527,542,545,524,524,569,586,543,492,488,510,533,557,583,601,569,518,516,524,530,561,600,605,590,560,505,466,464,486,553,602,593,571,519,487,530,569,562,528,483,456,474,506,535,531,511,501,499,493,491,492,494,502,527,547,556,551,557,564,562,536,509,467,422,434,519,624,722,754,684,549,411,309,259,263,271,292,359,463,559,616,611,596,652,706,722,727,700,615,549,514,485,479,516,582,610,591,567,544,524,522,509,468,435,456,519,582,612,600,557,489,438,447,507,550,542,534,551,569,566,568,586,570,560,560,552,520,502,488,437,397,385,394,419,402,398,458,502,499,473,449,440,448,454,472,513,539,547,554,575,593,575,547,523,496,462,462,490,553,606,618,616,569,508,494,491,506,529,526,537,583,598,575,565,551,533,524,504,486,499,514,526,536,502,450,424,423,465,525,568,593,587,553,527,521,512,536,540,500,489,516,550,573,596,594,556,499,465,485,502,501,558,668,753,733,618,482,359,259,204,223,274,307,338,417,537,661,743,733,655,619,609,601,598,615,616,603,593,579,531,484,475,494,528,561,577,575,561,546,502,484,504,492,489,513,526,541,534,497,520,583,611,600,560,536,544,554,557,574,562,516,493,497,493,468,451,441,436,437,427,394,380,392,417,456,504,527,509,480,490,520,532,551,564,559,555,539,534,534,529,507,497,529,554,570,575,571,567,584,581,527,497,526,545,524,501,498,519,547,574,604,587,531,509,513,505,481,478,493,502,486,464,476,523,557,556,513,492,498,526,539,541,536,517,503,506,519,534,525,493,493,504,497,486,482,498,568,652,734,774,681,496,325,211,186,213,254,321,421,517,592,652,681,675,668,685,705,680,619,575,575,614,604,538,479,467,505,561,584,572,558,550,528,490,478,506,514,511,508,499,508,508,522,526,542,571,581,563,550,572,602,608,575,550,555,564,548,482,426,404,419,460,452,401,369,367,389,415,436,464,504,529,522,510,492,485,485,501,498,504,514,526,550,581,575,531,495,503,543,571,559,535,525,548,583,595,575,552,546,546,532,516,524,530,533,560,570,561,537,523,482,460,495,530,531,526,535,554,540,480,429,427,470,530,557,563,548,531,483,461,483,534,561,535,512,516,528,539,543,516,469,430,432,491,608,716,762,709,594,454,303,180,142,184,297,433,557,624,629,624,647,657,633,624,647,667,673,666,643,632,598,544,519,521,508,488,505,579,644,646,590,523,453,404,396,435,452,465,511,545,589,627,637,616,592,574,581,600,588,539,511,509,492,456,467,492,499,475,437,422,409,406,426,466,474,442,428,430,421,424,459,508,554,581,538,490,506,524,559,611,608,530,487,485,493,501,519,547,568,584,600,601,564,511,507,528,537,542,547,562,571,574,584,562,519,489,464,477,504,508,484,485,503,504,493,478,468,489,547,570,552,556,560,531,484,469,496,524,521,519,531,536,526,500,482,475,472,485,536,636,735,812,811,664,444,247,164,174,242,306,364,475,592,652,653,645,623,571,550,583,619,625,592,566,559,557,565,575,547,481,421,416,469,531,563,550,523,530,583,630,601,524,473,490,548,575,566,549,527,562,644,667,618,555,543,572,566,512,501,539,533,476,422,408,403,398,420,451,444,416,420,450,453,457,467,484,500,510,542,566,513,466,475,494,515,527,540,554,530,504,493,510,570,598,575,550,536,539,519,501,512,547,562,561,532,503,505,513,499,501,551,596,606,603,579,525,477,463,469,480,470,478,497,527,565,560,524,483,468,501,527,480,465,513,582,612,601,574,532,500,487,467,456,493,595,715,793,791,682,506,342,224,143,131,187,289,422,569,673,729,761,778,751,712,675,633,592,572,575,562,538,509,488,492,499,520,516,511,513,508,514,510,496,504,532,538,527,506,504,534,581,591,545,504,513,547,568,585,611,615,590,537,478,455,472,506,524,499,451,430,423,406,378,371,376,405,451,490,516,511,499,512,535,520,500,485,493,509,504,490,487,496,509,516,530,556,560,569,585,595,570,539,540,543,535,525,536,560,590,589,583,573,549,526,524,524,540,544,519,485,457,484,527,558,566,550,514,480,480,507,532,536,547,547,508,480,492,508,508,530,535,518,504,483,492,508,515,534,517,493,514,553,628,711,779,755,612,417,246,148,122,175,275,367,455,577,685,743,737,698,661,623,570,553,579,605,617,613,585,552,540,538,548,552,535,519,513,489,461,430,441,518,573,565,550,545,553,557,568,549,499,469,473,511,556,592,603,598,599,598,577,545,519,455,387,388,406,419,448,458,429,398,421,451,444,437,434,427,452,480,512,539,557,550,536,520,491,487,533,595,617,569,523,495,498,522,561,586,579,553,524,519,531,561,551,527,509,516,544,554,538,511,496,512,554,586,563,517,495,473,440,436,480,511,523,544,574,578,551,513,503,510,526,534,548,549,531,528,535,557,563,538,516,529,523,506,492,515,606,735,815,744,555,383,270,205,174,216,308,412,519,606,660,679,668,664,657,645,622,584,549,544,559,579,592,575,551,545,563,571,546,499,466,457,477,501,519,545,557,545,522,502,502,501,484,484,525,577,605,600,574,569,591,599,563,520,511,498,485,464,444,422,442,474,449,412,380,371,386,403,447,487,502,507,509,508,485,476,489,538,581,563,496,488,545,582,582,572,526,512,553,587,610,592,560,546,551,536,524,528,527,517,511,531,567,593,585,571,552,509,472,458,448,440,463,496,487,458,462,518,591,611,577,527,477,462,468,468,513,557,574,582,590,592,585,544,493,475,463,499,534,535,510,539,629,726,732,639,507,352,218,143,169,266,349,419,525,632,667,675,678,685,678,639,600,588,567,569,611,621,615,610,571,543,532,505,466,463,484,503,500,499,515,530,520,523,557,567,561,572,589,585,553,531,521,514,493,489,524,591,636,617,584,551,526,506,460,390,354,385,443,477,478,470,465,464,452,449,470,512,519,505,520,543,535,527,511,489,476,497,525,536,537,527,542,563,536,482,463,481,516,497,468,483,514,516,487,481,504,522,535,554,580,578,541,539,558,543,528,509,505,519,488,440,441,483,540,558,552,543,527,509,497,502,512,510,499,520,540,535,531,545,568,578,569,548,526,511,485,516,603,673,720,711,626,482,322,216,195,219,281,356,430,509,592,673,721,711,679,668,684,685,668,661,638,586,543,545,567,578,549,513,510,513,525,531,529,512,469,426,453,497,534,561,567,562,531,482,459,497,561,615,599,551,527,521,541,556,554,523,472,431,433,464,477,456,413,387,393,427,457,457,441,443,450,459,451,448,482,543,579,581,558,523,496,501,508,500,509,541,564,575,581,544,504,511,549,571,542,511,509,554,615,637,615,573,543,512,495,525,566,566,549,562,557,513,473,460,480,527,546,533,528,505,484,459,476,510,511,504,504,506,515,512,522,549,572,579,575,581,600,614,583,533,501,468,472,555,665,714,627,471,319,209,193,234,280,333,427,519,607,677,695,694,688,679,650,607,579,585,606,626,643,589,517,478,483,516,532,535,548,559,552,525,476,449,465,475,479,498,527,555,571,570,575,599,617,616,614,580,528,513,510,505,491,508,522,498,453,430,426,401,396,440,470,469,459,448,417,405,440,487,488,481,508,527,537,559,576,573,539,494,458,473,507,514,523,533,550,563,547,537,516,521,553,586,605,600,584,557,516,489,512,554,574,568,541,528,521,495,452,472,528,546,522,514,522,512,482,457,467,505,557,589,588,545,485,496,525,531,532,514,499,508,520,544,572,564,517,483,474,505,593,712,805,773,615,434,293,214,202,224,246,332,490,613,673,697,686,650,608,556,531,560,611,660,677,614,569,543,527,524,523,546,549,513,483,460,448,462,510,547,539,521,549,576,553,522,520,518,478,458,508,568,587,610,625,600,584,586,579,537,483,452,441,439,446,449,439,445,438,406,381,371,394,454,501,510,504,494,508,544,557,538,521,520,526,504,493,538,577,579,547,535,545,575,584,557,526,509,498,474,497,569,608,593,568,562,550,536,554,557,541,540,534,520,507,499,494,508,509,509,513,529,527,520,510,497,473,458,483,524,558,553,527,520,540,566,555,521,495,496,509,514,519,489,466,521,637,771,800,665,452,292,232,204,170,187,259,360,512,662,731,741,697,652,655,672,658,607,578,590,606,631,633,585,527,490,482,484,490,487,480,490,530,561,551,537,529,523,529,546,549,508,485,519,572,611,605,575,540,504,499,519,529,519,520,539,549,522,507,479,440,400,376,382,412,449,451,439,432,436,472,484,474,469,469,497,536,541,510,497,508,560,613,600,543,475,474,547,607,598,560,562,601,585,521,455,435,473,542,603,622,595,546,536,578,584,554,530,504,482,486,502,499,473,463,484,508,523,547,549,528,519,529,536,524,490,482,509,523,508,494,512,575,609,574,520,504,549,556,507,469,481,548,629,700,718,629,487,372,266,212,256,294,332,412,490,540,608,711,749,714,679,659,636,624,620,599,539,491,479,469,524,600,612,595,564,525,496,483,468,457,460,495,536,540,510,521,553,576,588,567,531,533,544,538,539,538,543,540,542,575,582,539,468,421,434,466,458,407,351,366,439,480,461,434,428,422,444,505,568,584,561,534,545,552,539,523,511,504,519,532,531,544,537,528,566,603,596,584,556,509,487,490,499,488,493,530,550,568,588,598,578,532,503,515,517,496,486,479,473,476,511,540,551,541,531,524,515,510,507,510,511,499,476,463,489,561,608,612,575,547,518,499,534,561,521,496,504,543,630,756,779,655,498,365,251,185,199,257,324,397,503,597,626,638,651,663,648,635,654,660,645,604,576,563,580,578,540,524,514,500,488,472,473,497,528,543,522,499,498,505,524,532,531,558,592,587,573,546,534,542,551,533,516,503,530,575,580,582,560,495,431,397,392,402,406,394,398,428,458,493,510,500,464,437,449,464,473,507,545,557,567,557,543,542,523,494,471,525,593,593,572,548,534,530,521,532,566,587,574,574,550,517,505,532,572,561,529,492,473,504,537,539,540,554,551,520,501,497,487,447,434,470,515,540,547,536,529,536,543,542,528,512,521,547,561,556,553,544,509,482,480,495,555,657,758,765,642,443,257,130,122,217,347,456,511,557,602,638,667,671,657,646,668,696,684,630,576,541,517,492,497,537,553,540,530,530,520,523,512,499,537,550,520,503,503,491,457,440,496,551,547,570,603,621,621,594,567,564,566,561,529,490,443,451,474,464,435,415,400,382,409,440,460,460,427,424,460,490,499,522,546,525,485,487,524,556,554,533,521,539,556,548,547,519,491,494,535,580,591,576,560,556,564,562,558,559,541,517,501,501,528,572,578,542,484,460,498,538,553,563,568,527,481,458,442,448,484,510,508,525,550,540,529,518,529,547,555,542,514,505,527,556,558,536,524,501,478,483,533,615,689,745,726,594,434,316,236,190,190,260,368,458,535,634,723,773,759,696,636,593,560,542,530,542,580,614,616,582,554,541,519,496,474,469,478,486,489,484,494,518,533,537,545,556,549,557,578,598,576,532,503,496,505,534,566,553,530,530,548,575,564,518,465,412,377,376,409,443,459,445,409,402,432,472,519,553,544,505,459,450,497,539,536,519,525,560,616,628,571,510,487,473,467,491,533,566,568,552,557,567,565,561,555,536,530,537,548,579,599,580,533,483,458,472,530,577,517,428,423,478,518,534,511,465,499,557,575,559,541,537,518,505,539,569,575,570,551,538,516,497,524,557,531,504,550,654,729,680,553,419,281,183,140,169,276,417,552,647,656,639,643,664,678,690,673,639,605,561,535,563,598,600,579,547,510,494,516,542,511,473,495,513,513,512,500,480,484,510,541,561,566,554,529,544,581,574,542,521,505,519,564,569,540,505,497,505,504,474,415,395,449,473,429,381,385,416,455,506,550,539,496,484,490,484,488,506,525,536,539,537,569,569,540,523,511,504,517,548,568,583,597,574,523,485,498,550,591,598,574,550,536,517,499,497,492,477,494,540,580,586,544,494,483,492,510,513,503,475,426,418,479,543,592,618,608,565,544,543,544,538,522,475,424,444,488,527,572,599,600,593,625,700,715,633,497,361,268,208,216,282,353,425,501,563,618,662,691,693,683,672,650,595,558,556,546,531,518,554,600,588,551,501,466,464,467,486,523,557,545,540,537,519,519,529,540,534,520,533,563,588,594,575,555,532,518,532,557,550,516,497,499,496,462,428,394,368,394,433,442,440,443,461,464,454,455,469,486,484,506,574,605,556,495,493,510,527,547,527,508,527,564,607,618,553,486,497,504,501,524,540,540,533,548,578,575,556,552,537,541,572,575,542,509,484,464,469,507,548,536,484,470,515,555,550,536,522,523,523,531,548,557,547,511,488,475,472,517,574,587,577,555,513,461,431,462,544,647,749,791,724,584,406,260,175,175,234,291,361,477,586,631,649,680,707,724,704,629,568,557,556,582,615,603,561,543,524,505,520,524,500,476,472,478,492,513,541,542,531,529,542,550,547,543,518,500,528,563,560,551,537,546,568,572,574,566,532,464,418,428,433,409,394,424,469,483,449,403,396,430,471,476,465,445,433,468,515,533,543,554,568,595,605,590,548,519,515,526,546,545,538,550,565,545,532,552,577,569,539,511,504,473,479,544,594,609,580,524,504,533,569,568,508,458,472,476,439,414,426,486,531,551,585,610,615,591,559,550,576,558,503,457,429,467,553,598,602,562,506,474,476,494,538,600,673,709,667,572,433,312,260,254,252,263,336,471,573,630,683,700,711,724,681,627,604,590,587,570,568,547,511,524,543,530,504,489,507,546,552,536,527,502,491,492,483,485,513,554,582,571,568,565,550,536,525,512,479,466,509,559,579,565,541,524,508,478,433,380,363,388,429,488,529,522,481,419,393,432,487,511,489,465,508,577,595,546,494,475,487,517,532,544,558,579,580,572,559,542,527,531,508,487,506,534,546,558,574,575,579,585,565,542,544,571,568,524,464,461,499,509,495,490,498,508,505,497,523,565,574,543,488,434,445,519,562,554,543,530,549,567,562,550,545,525,492,469,492,546,585,653,744,755,623,427,286,255,264,255,262,321,427,524,607,647,644,664,691,701,692,639,575,559,597,613,586,556,537,524,516,509,500,496,504,504,506,509,500,507,535,536,523,534,533,496,485,515,551,572,578,589,609,615,598,562,525,525,512,495,510,532,517,454,412,401,407,404,391,415,443,451,483,502,468,443,443,463,484,492,497,520,540,544,528,526,546,561,535,527,557,561,522,497,515,557,556,531,543,572,543,511,520,548,532,492,521,581,586,534,475,504,560,572,537,483,462,475,500,542,561,531,484,481,515,543,566,556,528,489,479,504,542,547,560,543,500,488,528,565,528,489,494,517,555,623,742,842,765,571,374,221,116,100,177,283,395,526,651,722,714,689,663,647,626,581,572,585,574,574,597,577,512,512,554,573,553,494,449,473,522,519,488,507,559,570,549,524,522,550,575,553,476,438,486,578,627,608,563,525,536,561,565,560,570,574,542,463,384,348,362,402,460,498,476,423,404,435,472,472,437,447,494,522,540,561,547,504,487,526,581,591,564,542,545,564,574,590,590,548,511,506,491,488,527,566,549,572,625,645,576,478,446,469,499,521,528,528,534,497,478,526,583,579,537,490,443,405,415,477,550,578,557,556,548,544,562,563,544,524,516,515,523,521,521,526,496,460,465,479,495,519,583,701,787,755,631,454,264,140,131,208,330,435,497,573,650,707,716,693,660,625,625,646,649,632,623,593,556,515,447,411,447,530,588,583,550,508,494,515,535,526,461,421,454,491,529,576,607,584,528,543,610,640,606,568,527,492,498,526,548,537,509,474,438,418,442,476,445,403,396,417,429,391,381,428,479,502,536,535,499,496,535,573,590,578,550,531,505,481,476,479,497,533,563,581,594,594,560,526,519,566,598,565,512,502,537,565,575,566,538,521,518,551,572,527,489,509,557,604,596,547,532,544,553,555,538,512,490,482,485,500,497,497,496,473,479,511,524,531,507,471,452,448,474,505,547,637,727,744,630,458,319,231,184,185,233,316,421,542,652,716,717,718,706,629,587,593,610,608,555,517,533,549,575,599,584,542,508,514,538,536,527,496,463,481,516,525,529,548,560,551,580,610,572,523,513,500,509,544,546,541,580,622,640,580,483,438,423,442,453,446,444,440,429,447,471,504,536,511,445,404,408,433,465,494,490,482,480,476,510,577,665,672,600,503,467,495,547,595,579,541,507,503,563,599,566,534,546,538,520,518,524,514,522,552,555,526,527,550,554,547,534,508,461,437,422,432,480,527,525,480,468,506,551,578,592,589,572,560,540,521,508,518,531,511,478,463,472,515,563,603,655,728,764,732,588,386,228,142,126,182,273,435,575,661,683,665,649,625,617,631,639,622,603,592,598,594,571,535,536,547,543,543,522,523,525,509,488,486,490,514,536,534,531,501,480,537,591,572,513,481,504,557,592,600,618,611,541,510,501,486,488,491,483,476,488,457,392,349,353,395,435,468,489,519,540,529,494,456,447,463,487,505,521,534,552,542,536,544,574,578,552,516,512,536,540,531,537,542,560,558,540,518,527,542,528,531,555,576,549,498,468,465,479,510,539,557,566,561,548,508,463,467,501,520,511,498,488,507,511,517,539,528,530,569,568,528,492,485,477,479,513,561,567,540,533,540,573,630,700,724,648,504,344,229,171,179,274,394,512,579,591,585,571,596,646,679,679,688,665,581,527,551,592,571,531,530,564,581,552,508,480,501,530,541,555,572,586,583,550,501,461,474,528,563,552,540,568,593,558,499,498,546,583,587,575,537,484,458,460,463,483,512,488,429,387,376,368,352,368,406,478,566,610,612,592,556,499,449,436,458,477,487,510,530,557,572,588,601,612,601,570,542,516,498,484,504,540,539,490,473,476,488,546,600,599,576,556,543,551,560,540,542,532,500,491,508,503,494,500,507,495,467,478,526,561,524,507,501,485,485,501,494,465,453,488,549,581,582,560,529,534,578,647,717,748,671,528,387,280,251,249,244,302,415,534,651,720,723,692,673,654,633,613,587,582,606,617,590,565,557,529,492,451,424,465,515,546,553,560,540,492,462,458,467,485,509,534,568,582,585,578,566,539,539,559,554,525,523,568,600,564,527,499,464,446,435,412,421,460,475,429,378,368,392,431,488,532,528,532,541,503,470,464,475,493,501,539,589,586,551,535,548,556,550,543,552,542,502,489,508,534,548,566,563,540,523,530,561,570,519,470,459,504,536,514,466,460,479,522,572,597,593,556,508,490,499,505,530,534,504,504,535,554,575,602,589,521,483,492,481,488,519,558,567,540,493,508,597,681,755,793,723,531,348,266,215,212,268,336,410,486,537,567,602,645,659,653,630,562,524,531,547,563,558,540,515,508,507,511,524,533,527,510,528,568,559,543,535,510,505,539,561,552,568,612,627,600,594,607,597,566,527,511,516,567,589,563,527,496,477,459,450,435,423,398,386,429,476,492,480,472,480,502,511,475,428,419,467,524,528,534,555,555,546,515,484,510,551,591,609,592,582,569,549,536,519,516,481,448,469,537,584,593,579,554,534,524,511,511,513
