487,505,519,505,491,489,491,491,483,485,498,503,493,479,480,500,518,527,535,540,540,538,541,543,534,519,516,526,530,527,528,509,494,489,506,532,531,507,496,496,496,486,467,444,394,295,184,104,130,286,534,773,910,931,872,779,700,651,614,581,556,542,534,525,512,500,506,511,502,496,494,492,485,490,492,478,468,461,476,484,479,480,488,499,508,500,490,480,466,470,480,475,463,450,443,445,462,489,505,501,487,476,491,527,553,575,601,617,615,602,585,588,598,598,591,583,574,567,560,545,526,515,510,501,496,500,495,487,484,483,490,492,482,472,470,472,482,505,513,504,492,492,507,510,511,512,512,511,501,497,492,494,512,523,523,528,531,520,513,517,515,510,501,515,531,529,519,512,510,513,528,531,517,505,504,512,510,523,541,540,532,524,515,514,530,554,568,561,542,540,545,542,525,503,489,495,505,517,518,503,510,518,500,448,357,241,130,71,152,379,669,889,963,918,820,732,669,620,590,581,562,540,525,516,512,507,496,486,489,487,473,460,455,466,470,463,469,476,483,487,495,494,478,479,494,502,491,480,480,492,496,496,502,494,481,467,466,471,486,502,517,531,537,542,557,578,591,606,619,628,624,611,613,624,614,583,571,565,545,522,517,519,514,499,484,475,475,489,499,494,498,500,494,485,467,453,464,479,489,501,509,503,497,485,474,479,503,511,504,499,499,515,526,521,515,512,515,523,532,539,522,502,493,507,517,523,524,510,497,504,525,523,508,504,518,536,553,563,557,539,536,545,551,554,551,547,536,527,522,518,513,499,487,490,500,515,532,533,505,425,300,156,33,22,186,475,758,930,963,905,824,752,690,640,602,591,590,578,549,535,517,490,482,495,511,504,478,467,476,489,497,496,491,483,480,487,486,491,504,503,493,478,471,467,462,453,450,451,447,453,466,479,485,481,480,486,505,529,543,547,546,566,591,608,609,613,618,611,600,602,596,589,575,540,507,502,513,520,502,481,480,493,505,504,510,512,511,493,478,474,478,481,482,482,489,501,511,505,496,507,516,519,508,494,495,511,525,530,533,540,539,531,519,510,527,528,505,479,486,504,521,535,542,531,515,525,534,529,518,508,487,420,305,167,74,96,268,531,777,915,927,867,796,720,649,603,577,558,543,533,533,531,520,523,528,528,511,489,479,481,485,496,504,490,467,461,484,518,529,520,505,489,478,474,476,470,465,468,481,490,484,469,455,449,463,493,507,501,504,527,555,582,592,590,592,601,618,623,619,614,595,568,546,531,541,543,527,506,492,503,518,512,490,476,481,492,489,475,461,455,463,470,481,509,523,515,512,511,511,518,520,519,515,506,499,496,497,503,510,515,521,520,512,508,505,509,517,525,528,523,499,459,390,296,184,117,189,376,616,811,888,867,794,714,649,619,599,585,582,564,536,514,508,510,496,489,494,493,496,503,506,499,501,514,519,519,520,511,484,473,479,483,483,491,519,526,504,483,470,468,477,489,496,489,476,472,491,511,525,541,556,563,582,600,614,635,636,611,575,563,577,583,577,563,543,519,504,505,517,517,500,487,480,465,472,489,501,505,503,498,496,498,500,494,490,479,472,482,490,487,487,496,510,519,519,519,516,511,501,494,508,527,533,527,522,525,521,511,515,525,521,504,490,494,507,509,505,494,491,504,514,519,522,522,517,519,531,538,527,514,522,533,535,534,529,522,513,510,515,523,522,515,516,536,550,540,519,478,395,272,146,75,147,358,620,848,951,915,825,735,679,636,607,591,571,551,541,513,489,481,481,486,500,492,477,475,482,494,507,509,496,486,489,492,492,492,489,488,475,459,465,475,476,477,485,489,489,482,474,483,491,500,499,490,482,487,513,551,578,590,589,584,590,599,603,606,608,589,575,568,552,537,543,544,535,519,507,501,505,509,507,505,498,483,474,487,499,496,493,504,507,508,511,497,473,462,474,486,495,506,510,502,489,496,515,523,525,530,521,526,520,514,513,513,526,541,540,518,497,502,528,534,514,492,494,521,545,557,548,525,514,517,522,521,523,537,547,540,515,503,506,510,512,510,508,513,531,534,521,509,507,515,519,511,520,524,509,498,510,528,538,533,533,543,541,522,506,496,495,509,517,519,524,512,493,488,504,510,501,505,519,533,537,545,545,535,531,533,539,546,537,529,542,547,525,504,499,499,504,518,529,529,534,534,501,421,288,146,28,27,206,489,762,928,958,895,812,742,691,645,598,565,550,547,549,539,517,493,484,493,508,519,519,500,480,473,490,505,505,496,487,475,455,467,497,515,515,499,480,481,487,490,487,473,465,460,454,457,468,483,491,500,502,512,537,565,592,597,583,574,581,592,595,593,601,610,611,592,564,557,554,533,508,493,489,488,488,483,484,503,513,513,505,500,498,493,490,488,506,514,502,488,475,475,486,500,506,501,501,503,503,508,510,520,539,538,532,517,483,468,481,505,512,501,490,493,496,510,529,543,546,548,542,525,516,508,511,527,529,508,503,523,527,527,527,524,512,503,502,511,519,524,536,537,534,534,529,518,511,504,504,503,504,511,517,519,517,504,503,519,524,523,526,519,511,507,499,504,517,537,556,556,543,534,545,546,550,550,531,512,510,511,512,511,508,516,522,523,520,499,437,328,197,97,99,228,454,707,881,930,885,798,710,657,626,608,593,560,523,515,505,501,506,507,499,485,474,479,496,511,505,481,467,481,504,522,525,519,511,508,511,506,488,466,451,453,463,468,468,463,463,471,477,472,467,472,481,499,515,529,539,549,565,579,590,600,618,617,601,597,605,603,591,576,561,537,521,519,511,506,515,506,487,485,488,492,489,495,505,501,481,476,492,511,511,503,493,497,517,528,513,499,496,494,495,489,487,488,499,505,500,504,522,530,524,520,515,508,511,520,515,502,497,510,525,535,536,541,545,526,498,496,522,542,534,513,502,493,499,516,536,548,548,553,548,529,507,495,508,531,532,515,505,503,506,514,512,516,527,527,525,529,531,527,523,510,507,524,526,515,510,518,541,560,556,558,556,536,509,502,510,527,532,519,496,488,506,539,550,515,437,332,200,79,58,199,449,713,898,961,920,831,730,659,623,588,560,559,561,537,504,488,497,509,521,519,504,489,480,474,487,494,499,499,489,476,481,496,496,487,488,488,496,501,491,482,472,460,456,457,471,483,488,488,485,490,492,489,496,515,550,568,566,572,590,606,618,624,616,600,591,582,575,573,564,552,537,517,496,491,507,519,506,491,485,491,499,499,489,480,475,473,472,476,494,505,496,487,504,518,511,504,497,487,483,487,501,512,511,513,508,502,497,498,510,527,523,512,505,504,515,526,526,531,536,526,520,526,530,527,515,510,523,529,532,535,529,517,516,515,513,506,501,510,529,540,533,520,500,497,516,527,534,535,528,519,513,504,500,499,493,501,518,522,513,506,504,500,507,520,541,560,572,582,580,560,539,527,509,504,514,538,548,528,526,528,528,524,518,511,483,423,313,167,50,32,180,463,760,942,974,896,792,711,660,628,608,593,569,558,556,550,529,504,486,478,478,484,489,485,476,478,478,475,475,480,476,481,495,502,497,494,504,514,510,494,476,468,457,444,449,469,488,495,492,481,472,477,493,497,508,543,578,595,584,582,593,612,610,591,575,574,582,588,578,561,555,548,533,523,518,505,491,483,477,485,499,509,497,483,483,493,497,512,518,507,488,472,478,497,508,503,496,499,516,525,511,488,480,473,483,494,500,511,524,530,530,525,514,497,492,516,542,543,523,510,518,525,536,543,542,527,511,504,509,511,499,505,526,540,544,540,532,527,520,510,513,519,521,512,518,523,516,505,505,515,518,511,501,486,485,495,501,508,528,546,545,526,507,515,533,545,551,554,540,536,542,542,547,546,530,512,506,510,511,514,509,497,512,532,536,501,415,276,131,49,97,304,590,822,920,894,809,725,679,656,635,620,613,599,557,505,480,487,492,489,480,477,490,502,510,506,495,492,498,503,495,481,481,489,492,487,494,504,500,494,491,486,490,503,508,482,458,463,472,476,474,485,506,510,516,522,536,559,590,601,601,599,596,606,610,600,591,583,564,552,548,543,527,510,491,482,499,516,516,505,497,497,503,507,508,503,488,477,480,481,483,497,514,522,507,494,496,493,491,494,495,505,517,520,513,484,487,511,523,531,523,525,529,519,504,505,506,516,520,522,542,566,558,521,498,487,486,501,522,527,511,508,515,511,505,513,527,531,515,506,498,506,528,543,533,515,508,506,504,494,487,499,514,526,525,519,526,554,566,545,519,516,526,538,542,523,504,510,535,551,560,551,537,535,542,535,514,489,480,481,491,488,457,401,310,190,123,195,381,619,818,918,907,821,711,616,581,579,574,561,546,525,503,496,508,523,524,510,496,481,470,461,458,480,505,510,500,489,489,496,497,487,477,482,489,484,480,480,485,499,505,496,488,484,481,486,483,473,455,454,493,540,567,569,563,581,616,633,627,603,595,599,599,601,601,595,583,561,551,540,527,518,504,487,487,499,513,504,491,494,503,490,463,453,469,490,499,486,474,475,481,494,498,505,519,521,515,501,488,489,496,512,530,541,535,523,516,513,509,507,512,512,488,475,494,513,518,516,523,537,527,507,491,497,510,509,506,508,515,534,544,527,502,499,517,527,524,507,495,508,524,531,537,531,524,516,510,500,498,511,515,508,499,491,497,515,536,547,546,556,561,552,539,529,523,520,527,531,524,518,520,530,537,534,527,530,528,523,528,518,463,369,241,105,42,126,348,633,870,967,933,840,755,688,644,622,609,593,568,535,509,507,516,518,504,478,470,478,491,488,484,483,490,498,485,475,488,498,499,511,509,491,488,486,476,468,469,480,488,485,473,460,462,468,476,485,500,512,511,513,531,548,566,583,591,597,606,614,615,612,600,595,597,585,570,556,534,509,485,482,495,518,517,494,480,474,489,502,497,492,496,503,508,499,481,473,482,494,506,516,505,496,494,487,491,498,506,508,503,505,512,510,517,522,507,507,523,526,513,499,512,526,519,521,528,521,510,515,522,521,515,509,509,521,526,511,514,522,523,524,523,514,508,498,500,516,532,533,526,500,491,507,522,526,528,527,521,511,504,501,509,521,530,536,531,521,521,529,546,553,550,538,532,534,537,528,520,526,529,518,521,526,532,534,527,524,524,502,439,333,195,66,35,165,413,684,882,953,915,829,748,700,676,657,626,589,550,521,495,491,504,504,497,489,487,478,472,479,490,501,506,498,477,462,462,471,478,489,490,482,487,507,513,497,472,456,463,480,486,480,474,474,472,459,468,495,511,515,526,535,555,580,591,611,634,642,632,613,591,575,565,552,545,543,542,537,531,526,516,505,502,511,506,487,471,476,490,488,473,478,495,502,500,516,520,501,490,485,489,503,502,484,480,492,503,499,489,503,528,529,519,518,520,525,533,521,504,499,508,508,506,524,531,513,497,504,523,539,535,516,515,532,537,528,519,524,524,517,515,516,519,507,495,499,508,519,534,545,544,531,521,519,515,505,504,507,500,481,465,479,505,529,552,568,563,542,545,568,573,556,541,525,514,520,527,519,511,517,523,521,516,509,503,491,448,370,255,132,75,163,384,658,862,935,904,830,749,675,621,600,587,562,534,527,521,512,518,526,526,512,496,485,476,479,483,486,497,508,499,477,473,485,488,485,482,476,479,494,502,497,493,490,484,486,479,462,451,455,465,472,475,489,509,527,558,579,590,594,599,606,605,614,624,603,572,565,572,575,570,552,546,539,534,527,506,489,494,502,505,495,476,473,479,496,508,511,500,490,481,472,468,479,499,510,505,483,476,494,516,514,507,513,518,502,485,496,511,518,514,502,497,500,507,531,545,539,536,522,504,500,495,502,510,515,520,527,524,522,530,540,542,520,495,490,507,515,509,523,535,535,532,526,515,509,511,508,497,501,518,536,535,523,513,517,544,577,587,583,569,543,524,513,504,511,528,527,519,520,532,559,565,527,471,405,328,224,119,88,207,433,672,846,913,879,794,712,657,625,595,573,551,528,511,504,510,519,507,494,507,507,482,473,470,474,478,470,466,477,499,515,517,503,496,494,494,487,486,493,499,494,484,484,492,488,494,502,499,485,458,447,466,488,516,534,543,556,591,628,645,645,624,604,587,581,582,575,563,554,560,571,560,534,503,480,476,487,508,528,523,491,475,486,494,491,491,493,489,482,481,484,498,504,505,503,500,489,486,489,503,509,506,493,476,477,504,527,531,513,493,494,507,527,543,546,536,516,497,501,521,526,522,516,518,515,501,505,518,527,529,531,529,515,506,496,499,509,523,527,529,525,520,522,526,527,523,515,497,478,472,482,498,512,519,527,534,532,537,546,546,551,546,544,553,562,554,544,535,528,519,508,508,524,544,542,508,431,326,204,88,44,151,386,670,886,972,938,835,738,679,641,608,580,559,542,539,535,515,508,511,517,513,511,510,497,479,467,467,474,479,476,481,491,487,473,469,483,496,499,502,504,496,496,495,491,489,479,462,457,467,470,468,471,477,501,537,552,560,563,581,612,622,601,583,580,605,623,614,587,557,543,548,537,519,510,505,511,509,493,483,486,495,498,499,500,480,451,460,491,510,511,508,500,481,466,477,507,527,521,512,500,496,498,499,503,505,501,498,497,491,492,510,532,541,530,527,523,499,479,486,515,538,543,529,522,523,518,520,527,531,526,524,524,531,535,528,519,508,506,504,507,519,523,533,541,535,518,507,508,518,521,509,496,488,496,516,524,533,541,548,542,542,551,546,547,556,555,540,535,543,532,518,518,521,532,551,534,518,500,439,332,204,96,68,184,419,676,859,941,924,847,746,660,604,579,574,574,556,521,504,509,516,511,496,497,491,470,457,463,477,492,497,494,480,480,484,481,489,501,508,499,490,488,486,477,465,463,479,499,508,498,493,486,472,480,502,510,500,507,520,532,556,585,604,611,617,620,620,614,596,583,569,548,536,533,536,539,523,511,510,511,511,501,496,490,489,478,476,493,497,485,484,486,487,486,487,497,502,499,496,498,493,489,494,500,498,498,509,526,532,516,503,499,506,511,511,507,508,518,521,519,520,533,538,536,539,531,522,516,513,517,531,534,530,529,525,517,503,500,506,518,535,533,528,508,484,498,522,520,495,484,493,506,509,511,521,531,527,528,538,544,537,526,528,531,521,515,535,565,574,557,528,507,502,497,499,508,510,471,381,271,179,145,219,390,600,787,886,879,805,727,665,610,580,566,541,518,510,509,509,505,511,523,515,511,512,512,505,489,472,467,473,478,481,487,500,512,514,519,512,490,481,502,515,498,469,452,465,499,517,508,493,483,473,482,514,524,523,525,524,540,568,586,601,620,630,629,615,588,568,570,576,568,560,547,534,513,502,520,536,521,506,504,498,484,473,486,495,498,497,481,466,478,513,525,513,494,479,482,501,506,492,481,481,485,494,505,525,537,527,514,507,491,487,509,542,547,530,510,504,522,534,523,508,519,522,510,506,516,526,529,529,529,517,507,520,533,542,528,522,509,501,511,524,527,526,524,516,510,504,503,509,510,502,496,498,500,507,524,522,507,512,542,568,569,563,558,543,544,556,556,540,519,495,491,507,513,511,517,515,476,384,246,103,35,118,345,619,838,940,926,848,767,700,653,615,578,555,555,559,543,526,512,484,470,480,491,491,496,504,496,491,491,492,507,499,490,472,444,436,462,477,480,496,502,498,505,502,483,470,475,480,488,490,472,463,477,500,515,525,536,548,554,570,602,617,627,621,609,608,610,600,575,552,538,535,537,533,521,503,499,501,504,507,506,497,498,505,497,481,469,473,483,487,492,498,496,497,508,515,515,506,496,510,510,478,454,465,505,531,533,536,527,510,503,511,519,527,524,520,508,495,506,519,512,500,506,522,527,520,512,509,506,522,550,547,524,517,521,515,506,507,524,531,520,503,491,504,524,530,523,516,516,522,510,497,501,496,499,508,507,496,497,511,522,534,550,559,560,556,545,543,556,567,565,546,524,518,517,518,520,521,518,506,480,415,306,178,71,52,184,449,732,919,979,929,823,740,685,643,606,582,566,549,538,523,504,503,511,518,510,504,494,483,482,488,480,469,465,478,488,490,495,494,488,487,492,494,483,466,456,460,465,480,481,467,470,486,494,484,477,470,474,504,535,561,578,583,588,601,600,600,612,620,610,592,570,560,568,573,558,538,528,518,513,510,496,483,490,508,515,502,486,487,490,494,505,488,472,475,486,515,536,525,507,501,500,502,498,486,489,497,503,507,510,510,505,504,504,510,514,515,506,504,508,506,508,508,512,523,536,538,529,511,504,514,527,529,532,532,521,508,499,497,515,536,537,524,516,512,504,502,513,527,532,536,534,517,504,489,481,494,508,515,518,508,494,511,543,560,568,567,557,547,548,551,551,542,522,510,506,520,539,538,530,520,509,504,486,435,337,209,103,92,234,472,711,869,912,871,799,719,652,620,592,555,535,527,519,498,492,498,501,502,503,499,509,527,523,501,478,468,474,481,491,501,492,487,495,504,521,529,508,484,470,466,470,478,482,480,477,481,486,486,496,497,481,481,508,539,558,577,601,617,610,598,579,586,609,615,605,573,541,538,543,535,521,509,508,501,486,491,511,522,516,510,513,508,495,492,485,478,480,487,486,481,475,486,507,519,525,518,500,493,493,499,502,506,512,510,503,507,514,519,515,511,507,509,515,522,524,520,512,513,518,517,517,516,506,505,517,529,536,530,536,541,532,522,504,501,509,512,508,505,505,510,516,513,511,507,502,508,513,513,501,496,502,517,544,554,550,543,534,533,542,554,552,536,531,535,533,537,545,550,531,504,491,488,474,440,377,295,190,119,195,399,644,834,922,892,802,716,646,607,588,577,559,543,540,535,524,515,513,504,493,486,479,492,518,524,502,481,480,487,489,488,483,468,463,481,498,483,469,471,483,496,504,505,490,475,469,464,467,475,486,494,501,504,505,527,559,574,583,595,600,614,630,631,610,586,575,567,565,560,547,537,532,527,523,517,504,484,482,494,498,492,494,492,491,495,497,493,496,501,508,511,503,487,482,483,479,476,481,493,511,521,516,505,505,509,515,514,515,503,497,507,519,513,504,514,537,552,541,516,499,503,509,518,524,527,517,508,510,525,523,513,513,529,548,547,533,524,523,515,514,521,520,515,504,496,495,487,479,484,496,505,515,525,542,543,536,529,538,547,546,543,538,539,536,532,536,540,542,535,528,527,528,524,517,514,507,476,412,311,189,74,41,177,445,734,921,970,920,821,721,659,631,614,583,560,548,544,548,540,513,495,497,495,477,479,495,504,489,476,489,503,495,483,487,496,490,476,472,482,491,495,494,494,487,477,463,447,448,466,474,478,487,488,490,507,514,516,524,546,574,589,595,594,593,606,617,616,609,600,588,580,586,576,547,521,502,498,495,490,486,488,501,511,505,481,481,497,508,504,501,502,500,496,490,491,497,494,488,498,504,516,519,503,482,475,498,521,527,523,512,510,508,496,491,494,502,512,512,509,524,536,528,518,524,527,518,503,504,520,526,524,526,518,512,514,515,514,512,533,544,533,518,510,518,521,517,515,510,504,511,521,511,485,473,488,517,539,525,501,494,520,542,560,575,579,564,551,548,546,540,531,526,516,503,497,505,521,537,538,527,489,409,295,161,69,86,247,505,771,937,957,889,793,712,650,604,582,565,558,550,551,546,528,505,489,484,481,481,482,480,480,483,495,504,501,493,482,476,486,492,487,484,490,486,478,479,487,492,497,488,472,474,476,480,496,494,485,479,487,512,538,555,562,562,562,585,607,609,600,595,604,627,615,585,556,536,534,542,532,512,493,478,469,486,515,519,498,480,478,484,490,496,509,521,510,493,491,503,502,495,497,500,511,512,508,509,513,517,505,487,482,488,490,490,487,493,514,529,539,528,521,528,531,533,523,514,511,504,504,510,508,508,504,506,508,512,541,554,536,521,511,507,506,510,513,514,519,516,500,508,532,542,539,520,489,477,494,509,514,505,496,502,520,543,553,561,564,559,556,562,560,540,515,521,523,527,531,527,516,505,495,460,398,313,225,169,206,358,576,764,847,842,793,727,675,618,574,555,550,539,527,524,515,518,522,508,497,495,488,478,480,496,504,508,495,491,500,509,518,513,486,448,449,481,505,512,508,507,496,486,476,454,462,492,509,496,488,491,490,498,507,524,552,575,580,588,600,605,606,598,582,585,592,583,577,572,565,556,545,542,539,529,509,504,499,486,476,480,489,488,473,478,499,507,495,487,488,486,486,497,498,483,479,492,504,511,513,516,504,493,497,516,527,519,513,512,509,507,504,511,520,529,540,542,536,525,513,503,505,514,527,535,521,508,504,507,515,531,531,525,532,528,516,504,511,529,536,521,511,517,533,533,526,521,502,480,478,495,506,524,529,510,506,528,556,564,548,520,521,533,542,551,549,536,531,542,542,523,513,520,522,512,472,396,284,160,65,82,262,519,768,924,933,851,772,710,671,639,603,575,548,520,508,516,518,503,494,494,498,499,501,503,502,492,489,495,500,497,494,489,488,480,478,487,486,482,489,489,487,489,478,463,471,483,482,471,465,467,470,470,491,534,555,545,536,540,566,608,638,642,637,627,600,574,565,570,575,566,550,535,516,498,497,520,529,516,497,494,504,503,481,461,471,500,518,513,505,502,505,502,497,491,487,480,477,482,497,514,514,492,484,504,535,542,528,505,489,493,501,492,479,492,514,528,543,540,520,505,510,531,543,530,507,489,496,517,530,526,521,519,523,521,529,542,538,521,502,500,516,529,522,511,516,521,504,493,500,516,519,504,496,500,523,529,512,491,497,534,560,566,557,547,543,545,542,552,552,522,510,513,516,512,511,518,511,469,412,319,187,67,61,230,505,775,936,949,874,783,711,660,620,590,568,564,568,564,553,537,511,492,487,487,486,486,476,464,467,481,481,485,499,520,532,522,500,477,465,469,485,502,510,497,489,487,482,467,463,483,496,486,471,474,493,503,505,515,522,541,558,566,571,593,608,610,600,600,608,611,602,579,557,542,537,536,540,534,511,474,449,447,475,510,529,534,515,498,488,480,472,475,481,488,488,489,484,492,500,497,499,505,510,504,508,515,510,497,496,497,501,504,509,513,519,532,539,531,528,549,550,519,500,493,488,494,513,524,518,510,508,500,508,534,543,537,525,514,524,540,542,533,510,496,495,496,507,520,529,527,519,503,481,470,473,498,528,543,539,527,532,542,539,539,547,559,566,563,550,532,529,540,553,543,519,500,507,522,532,526,479,374,248,135,85,153,337,583,801,910,912,847,761,677,624,606,584,554,544,543,537,526,499,468,471,503,521,510,495,487,491,498,486,479,481,483,487,488,488,478,465,466,480,496,508,509,499,489,490,494,496,492,497,502,491,487,487,496,508,508,507,514,535,565,590,604,621,623,621,619,609,594,580,569,555,541,535,539,535,525,508,500,512,513,503,499,499,496,490,501,516,519,505,496,484,470,477,492,491,492,497,487,478,489,503,507,509,512,504,492,487,493,496,498,507,522,534,532,516,518,527,530,527,512,483,483,508,524,525,525,537,552,554,540,513,504,520,520,506,492,480,486,502,507,520,540,538,523,511,519,526,512,499,495,485,489,516,525,511,508,518,537,537,536,534,547,577,586,579,562,543,522,504,496,499,504,512,515,506,482,410,312,216,158,195,347,546,732,857,879,818,739,671,618,580,563,552,542,550,544,514,489,494,511,519,512,494,488,487,485,492,499,505,505,494,491,487,475,469,487,504,508,504,500,500,491,489,482,491,502,498,475,471,480,487,488,499,516,529,543,556,556,563,579,592,600,610,605,591,586,593,575,550,550,561,565,559,536,510,489,484,500,518,521,508,491,479,477,487,491,488,487,495,498,486,472,480,488,489,500,512,520,518,505,498,497,494,485,479,481,505,528,536,527,516,515,523,523,532,531,512,483,478,501,523,527,536,544,547,546,527,498,481,483,499,516,531,536,535,533,521,518,526,531,517,504,505,515,513,505,505,513,515,499,507,521,514,510,527,548,548,550,555,558,555,563,570,549,531,525,507,497,496,507,513,506,507,513,477,391,262,127,70,148,348,607,813,908,900,839,765,693,630,591,579,574,552,532,514,513,518,501,482,483,496,497,497,500,504,511,496,473,467,487,504,507,491,476,484,495,487,476,477,483,485,485,478,466,480,495,501,494,487,486,486,494,501,509,529,535,541,568,592,607,628,650,649,626,596,572,559,566,575,550,526,519,524,523,521,513,494,479,466,468,487,506,517,497,467,456,468,485,494,500,502,490,487,498,524,550,567,552,511,487,489,486,484,498,515,522,524,524,519,503,500,499,499,492,490,499,510,499,490,500,532,560,558,542,537,536,524,521,533,531,515,504,501,519,536,531,518,505,492,494,512,540,563,543,509,500,506,506,505,502,491,485,489,507,508,511,532,543,542,547,553,562,562,547,532,511,504,509,514,516,516,508,511,543,570,550,461,329,190,88,59,161,388,652,841,926,924,868,784,702,628,581,562,548,542,547,541,517,500,498,492,485,492,505,502,484,469,476,483,468,455,469,492,497,488,490,506,513,519,538,538,509,496,513,511,490,490,504,501,494,497,500,503,504,504,504,517,533,545,553,568,585,605,605,592,587,580,568,566,568,553,534,530,542,540,512,487,483,494,505,496,492,489,483,496,516,519,518,518,518,514,499,478,467,476,487,498,511,513,493,478,490,518,528,520,508,489,468,452,463,492,504,495,487,487,499,507,515,518,531,557,568,550,527,512,513,512,505,519,537,542,545,552,566,598,626,619,579,538,517,501,483,483,476,452,440,459,490,505,485,454,452,483,518,531,547,561,572,575,579,587,581,561,543,530,516,499,501,501,494,491,501,511,513,485,404,277,162,128,216,406,613,777,866,862,805,733,665,603,561,540,527,533,560,562,537,510,487,495,518,525,507,482,471,475,494,508,503,501,500,495,476,455,460,488,510,504,500,491,487,491,486,485,487,483,485,489,476,473,478,491,506,518,530,537,549,565,570,582,603,619,602,583,576,578,574,562,563,568,568,551,531,538,522,501,493,491,500,499,479,471,470,482,499,510,514,510,504,492,484,485,489,496,506,511,499,495,501,521,537,538,529,510,492,472,465,467,480,509,527,527,533,543,532,531,532,515,496,485,484,499,520,540,536,523,531,546,549,533,522,519,523,515,499,491,494,508,518,511,510,519,524,532,530,507,488,478,479,493,513,537,551,546,540,543,564,572,557,526,509,515,532,550,556,543,527,524,528,528,522,518,512,455,342,210,101,84,208,426,680,885,961,917,814,713,643,601,587,585,579,567,544,526,515,498,491,492,491,486,483,492,505,522,523,500,478,465,473,472,463,469,481,500,513,511,495,479,478,492,504,498,484,479,467,460,460,467,480,499,508,510,519,539,555,569,577,587,590,572,573,606,628,633,611,579,558,541,527,528,534,533,520,505,487,485,512,518,510,511,515,509,486,474,488,506,503,492,496,505,510,515,510,497,480,480,500,505,502,500,505,496,482,499,520,519,512,530,530,509,483,470,492,515,517,522,522,511,516,523,523,543,549,534,524,509,501,501,509,525,521,513,519,520,518,506,493,484,497,532,559,557,529,523,536,534,526,511,497,498,516,532,529,515,519,543,566,567,549,535,545,555,548,528,511,487,475,480,490,511,521,509,509,510,468,364,238,105,31,106,344,650,868,942,911,844,780,717,663,613,583,559,547,548,536,517,514,508,497,497,495,495,487,471,454,447,463,490,487,472,473,487,502,511,505,503,496,481,472,486,503,499,473,471,483,481,472,470,481,501,500,489,505,528,529,527,544,567,598,628,628,609,593,600,631,627,591,551,523,522,530,534,531,521,514,514,514,499,496,508,493,474,473,496,508,502,494,496,505,498,492,488,475,476,482,473,481,511,535,538,520,504,507,517,516,518,500,486,495,507,510,522,533,527,513,499,498,514,525,524,522,505,492,492,502,497,493,513,551,572,567,551,540,527,512,504,515,504,490,505,528,532,534,533,529,511,496,490,485,481,476,489,509,525,528,531,545,566,578,577,575,574,551,536,541,553,546,538,547,551,526,503,498,507,502,463,392,296,168,89,143,321,561,774,894,893,816,731,662,626,607,581,553,541,551,555,528,508,516,521,491,458,451,468,485,491,502,484,462,453,467,495,512,512,502,485,480,480,485,489,502,524,525,494,456,454,469,482,493,502,497,491,506,523,529,541,546,545,548,557,572,591,606,616,625,628,622,597,575,561,543,526,511,505,507,520,525,516,507,506,499,492,472,467,490,507,516,519,520,509,481,470,487,508,517,514,495,488,496,512,519,509,487,476,487,521,541,531,516,507,494,483,495,509,515,528,534,524,514,528,541,526,505,510,519,522,512,514,532,528,513,519,534,529,523,516,511,510,519,528,532,527,520,520,511,489,477,479,473,468,492,525,541,551,557,559,560,563,548,532,533,537,535,518,502,512,528,530,535,547,540,527,521,504,448,362,257,156,109,193,399,653,843,911,891,818,740,664,613,588,571,555,540,519,498,489,497,504,508,504,505,508,496,485,492,499,498,484,479,480,476,467,473,480,483,490,511,521,517,518,506,494,477,460,450,451,453,458,480,501,515,529,538,538,530,535,557,591,611,604,591,583,580,596,610,597,578,579,581,566,537,503,495,505,520,523,518,509,495,482,481,494,494,481,476,474,476,474,486,499,481,471,490,515,533,532,516,506,510,504,492,491,487,490,516,533,526,513,506,522,540,537,527,516,510,504,502,503,514,511,491,494,509,521,531,539,548,540,520,514,506,508,516,525,539,538,511,502,515,531,542,553,544,536,538,525,500,493,489,481,494,510,516,511,513,527,535,537,536,536,534,515,509,521,532,519,503,505,521,530,534,534,516,508,482,407,300,185,89,84,233,487,743,916,967,911,805,713,664,642,615,594,573,540,511,510,519,514,514,506,494,471,458,467,486,504,504,497,488,478,483,494,495,495,507,496,481,473,481,499,507,495,474,467,477,494,500,507,500,488,482,485,499,500,502,513,535,558,582,610,627,632,626,615,597,588,586,576,560,543,523,529,539,534,515,489,480,483,474,473,489,515,524,509,488,485,490,487,486,486,487,478,470,470,469,472,496,521,519,511,505,496,502,509,510,511,524,532,519,512,520,523,513,503,507,521,523,514,511,515,521,529,541,547,540,517,493,490,508,515,515,519,521,510,499,517,538,540,531,531,524,509,510,526,543,545,523,497,492,501,507,512,512,508,509,511,523,542,548,561,574,577,572,545,518,514,536,553,534,519,510,502,510,533,537,515,453,350,204,85,40,126,348,623,855,974,960,883,793,714,657,627,607,577,543,519,511,516,517,507,484,465,469,486,498,491,468,448,446,462,478,498,512,515,504,492,478,453,442,462,496,507,502,502,495,473,463,468,482,492,499,505,502,495,486,488,509,531,561,582,604,618,622,622,618,602,586,573,559,545,544,557,560,547,535,516,509,530,519,494,478,480,494,499,487,478,472,463,472,487,487,490,496,490,480,492,517,525,509,499,508,515,505,485,492,514,519,510,508,505,500,508,515,508,508,521,540,548,542,537,532,522,524,518,500,500,508,523,536,536,519,512,517,535,539,528,526,539,542,526,513,510,521,523,506,493,489,500,508,493,491,512,525,523,517,524,544,555,551,543,543,544,542,547,556,543,534,523,509,497,507,522,533,524,506,495,458,369,255,169,147,244,433,657,829,894,857,774,707,668,648,632,598,548,510,499,516,528,515,487,471,463,480,498,502,510,516,505,497,494,480,485,494,483,469,476,482,494,506,493,487,497,507,500,490,487,488,491,495,501,504,489,471,470,500,523,530,542,547,566,595,604,604,609,611,620,621,596,572,563,561,545,524,529,538,525,511,499,492,502,505,499,497,495,492,487,474,465,486,504,502,499,491,485,477,476,480,481,478,480,491,499,495,490,497,512,515,505,508,529,526,512,498,496,511,526,538,540,534,519,499,496,502,519,536,532,510,493,511,536,543,527,518,515,512,515,514,505,498,502,521,530,533,511,492,490,495,506,517,513,518,526,515,507,526,568,571,546,534,538,547,543,543,538,529,529,528,523,535,539,536,527,496,444,364,243,106,61,168,393,654,855,935,908,828,737,675,641,620,594,575,556,536,524,529,527,518,511,510,509,515,520,524,507,504,508,497,490,484,483,486,480,469,469,482,498,514,505,487,472,465,469,477,492,499,487,480,486,489,485,487,502,504,503,525,564,589,588,573,568,587,606,604,591,586,582,580,580,559,533,512,500,501,502,502,497,490,490,496,502,500,494,478,473,485,493,504,505,497,487,479,486,498,487,477,485,502,513,509,494,501,505,496,487,499,524,532,529,527,513,503,512,527,537,534,532,526,513,504,496,501,512,525,535,527,508,487,487,508,529,537,526,518,518,523,535,538,537,527,518,524,531,529,505,481,473,477,494,517,541,542,528,518,528,539,545,560,553,539,544,553,551,533,524,534,536,531,515,512,528,534,527,486,412,306,177,64,54,207,470,758,938,960,894,802,711,659,636,613,583,564,542,516,510,522,529,524,500,482,481,489,500,509,504,487,470,458,461,477,492,493,481,474,475,476,482,490,499,495,487,485,481,472,473,481,497,505,492,473,475,487,518,540,542,567,583,572,576,596,621,616,591,580,581,571,561,577,591,568,536,515,510,518,521,514,501,494,497,500,492,480,470,474,487,486,487,492,493,499,497,487,480,487,498,504,509,498,489,497,509,509,515,515,509,514,519,523,528,524,515,509,508,504,508,515,519,526,526,525,516,522,550,553,512,476,471,496,527,538,532,514,512,527,550,552,525,495,487,500,513,524,520,515,505,500,499,492,496,511,524,531,527,525,520,534,566,580,572,551,536,522,515,532,553,549,533,525,509,487,491,518,536,508,412,284,166,74,96,268,536,792,938,957,889,789,707,644,597,573,556,550,557,548,534,513,487,479,489,494,500,499,490,490,489,486,477,463,471,492,496,486,485,492,499,514,512,499,487,481,484,477,467,470,486,496,496,499,493,486,487,493,504,526,547,562,566,574,585,600,602,589,584,593,600,590,573,587,593,563,535,531,535,518,499,487,468,455,467,481,489,487,480,478,499,524,527,520,501,483,470,472,494,516,517,513,508,491,484,492,499,519,542,541,526,506,489,485,501,520,522,521,527,520,512,514,519,522,523,512,506,501,511,524,514,503,503,506,516,522,525,534,546,551,542,526,505,505,512,504,497,500,503,494,487,499,524,522,526,546,543,527,536,550,555,550,535,527,528,534,545,547,547,534,518,516,512,496,485,495,496,455,376,284,198,172,258,430,629,795,875,853,790,720,647,593,564,559,562,543,528,523,511,508,504,498,485,483,493,494,492,494,496,488,486,480,477,492,519,533,523,502,484,479,480,489,506,513,504,483,481,479,461,458,483,506,509,513,521,518,507,511,531,556,579,588,598,609,615,604,588,585,578,576,579,581,569,537,512,499,497,495,505,507,504,494,476,468,468,482,511,529,508,484,480,489,495,495,494,494,493,503,513,511,511,509,501,485,493,510,517,519,524,521,502,487,492,517,539,542,525,515,522,526,513,513,514,515,519,524,524,522,514,516,531,522,505,494,495,506,520,531,531,518,513,508,500,511,511,511,522,525,504,486,485,499,511,521,528,523,527,535,546,548,547,550,556,570,572,557,526,499,498,505,511,527,546,534,500,466,399,279,146,62,96,280,550,795,919,923,849,764,699,657,623,612,595,565,538,526,521,511,502,498,509,523,522,516,502,490,483,494,502,488,472,479,483,486,490,496,510,498,471,462,460,460,471,497,519,512,482,463,463,471,493,504,510,519,521,523,525,546,585,595,583,581,605,628,627,608,599,591,571,553,538,537,542,529,502,486,488,492,487,480,483,491,480,480,502,509,497,481,464,476,495,500,487,484,492,495,500,505,493,481,484,495,516,538,534,513,496,489,500,510,509,506,512,512,508,519,527,528,520,509,517,547,544,524,506,489,493,508,519,529,531,519,519,521,510,515,534,545,536,516,496,488,491,492,513,543,546,526,504,480,478,493,517,535,540,540,544,556,564,560,561,552,538,535,549,553,548,532,521,515,515,515,511,505,491,446,352,211,72,28,134,376,670,891,983,948,847,743,678,642,620,615,608,592,572,527,485,479,495,521,528,511,496,488,485,487,498,505,487,470,471,484,473,457,460,482,491,490,491,482,487,521,543,523,481,457,473,496,493,481,471,474,476,490,535,569,567,562,560,558,567,578,586,614,632,637,632,601,577,578,567,543,527,509,493,489,490,495,488,475,484,492,487,483,489,492,503,507,502,502,488,471,459,459,466,492,517,526,513,490,491,515,546,551,529,500,470,471,492,506,509,514,516,515,519,526,524,505,501,502,503,512,526,522,526,535,530,519,507,501,514,537,544,535,524,522,516,501,504,521,510,501,515,532,533,539,524,488,473,477,488,509,518,510,509,529,544,547,541,535,547,566,572,566,545,527,508,508,527,542,530,511,506,513,502,468,392,284,159,98,171,365,604,801,899,886,804,730,686,654,626,607,585,555,524,513,499,483,472,483,496,496,493,494,482,466,471,488,506,509,498,494,486,472,466,480,480,483,495,497,504,513,517,501,495,496,492,495,497,502,496,498,507,514,525,546,549,548,560,579,611,632,636,620,598,596,606,605,583,555,532,513,497,488,491,491,497,494,506,522,520,510,480,456,458,472,476,489,492,480,482,500,517,510,505,502,510,515,502,490,483,493,504,501,489,478,489,497,493,494,508,531,549,543,522,509,516,511,505,518,528,524,519,520,516,502,503,515,527,547,557,543,511,493,508,532,539,519,505,510,521,531,543,535,519,497,473,449,457,494,523,539,541,542,547,558,575,587,577,551,533,511,500,504,518,531,531,529,523,519,527,518,467,381,284,182,134,210,394,613,796,877,865,802,722,658,610,586,570,556,543,529,518,516,515,506,494,484,481,491,504,515,507,484,472,483,504,505,500,496,496,506,506,492,488,491,486,479,476,475,476,492,496,491,497,499,489,474,474,501,518,516,522,538,560,581,606,613,614,615,607,607,590,566,553,547,547,548,536,521,515,531,543,520,490,481,489,506,515,506,489,484,492,499,517,515,476,455,458,478,505,524,515,496,481,485,511,516,498,475,470,476,488,506,521,528,529,531,535,543,546,528,513,504,502,506,505,497,501,510,525,543,560,554,532,509,504,502,511,526,531,534,529,522,511,498,492,495,500,518,529,520,499,483,476,481,493,519,539,555,554,530,516,518,528,550,558,555,551,557,562,568,558,535,514,507,504,509,515,514,499,442,338,198,66,28,159,409,697,887,942,906,825,734,652,609,597,592,594,573,532,516,515,518,518,518,512,499,491,489,500,495,487,497,508,506,490,470,464,478,497,501,505,512,505,485,465,472,487,498,497,494,484,471,465,473,499,518,510,499,510,536,555,559,571,597,614,601,591,598,604,595,576,565,560,545,533,524,518,527,529,525,521,510,489,473,470,456,444,463,495,506,500,499,494,490,497,508,510,496,489,496,496,477,477,495,515,525,533,540,540,527,505,487,491,509,515,515,519,510,480,468,492,527,538,537,524,513,518,519,534,543,533,510,502,504,515,536,547,538,520,509,515,531,551,550,530,510,499,499,513,519,492,484,498,507,511,515,519,522,533,540,540,538,542,550,551,550,539,526,535,539,520,525,546,553,549,525,508,517,512,462,355,204,71,28,133,381,673,884,963,921,824,745,690,657,632,604,579,553,527,499,490,506,521,514,491,481,491,498,490,470,460,472,490,501,498,487,493,511,519,513,483,459,455,465,472,481,503,524,529,504,480,464,452,456,466,481,501,515,526,542,545,557,581,608,631,631,608,590,597,597,586,581,563,557,559,543,522,523,545,562,553,519,487,477,481,487,484,464,457,468,490,510,510,497,487,488,490,485,491,497,494,498,503,493,488,483,481,498,524,532,537,534,505,486,496,510,518,520,516,506,496,495,525,547,534,519,513,512,526,533,530,527,524,532,523,498,485,496,518,527,526,518,520,532,525,509,513,524,534,523,493,473,471,480,496,510,520,527,542,556,556,544,531,539,553,548,532,518,517,525,526,527,521,511,511,516,516,481,396,286,161,106,197,403,636,828,914,899,827,733,651,599,561,539,537,533,512,496,494,499,505,505,516,532,515,497,497,498,494,498,502,496,497,506,518,512,490,473,485,510,520,507,496,495,492,489,488,484,474,478,492,503,505,485,460,462,491,530,562,588,591,583,589,602,606,599,600,611,591,562,561,566,546,526,522,534,529,502,496,510,513,494,473,473,492,500,501,497,482,479,483,480,477,491,514,524,516,504,499,494,484,472,471,480,496,514,518,514,502,507,521,515,510,524,545,539,522,515,517,525,524,521,519,507,492,496,510,521,530,543,540,515,494,496,505,524,541,551,544,545,545,523,496,497,499,486,466,475,504,523,518,517,534,555,566,569,562,550,544,544,534,515,515,534,543,540,529,516,508,522,533,537,523,480,396,276,154,93,161,353,605,835,939,903,808,723,665,631,603,568,557,559,545,520,511,509,494,476,467,465,465,472,476,483,498,513,527,516,509,506,492,477,473,477,477,480,485,487,485,490,499,512,513,502,487,479,482,491,490,475,471,479,497,513,540,572,585,590,597,596,610,627,615,595,583,580,582,560,530,521,518,502,495,485,478,489,497,507,514,522,523,505,493,477,471,490,508,515,517,505,489,479,478,477,476,497,510,508,510,509,500,501,526,532,510,491,497,511,520,532,527,510,510,512,527,542,543,534,511,496,504,526,535,536,526,508,511,530,534,522,520,515,524,536,527,511,492,488,502,523,534,531,520,498,486,487,502,514,496,502,526,543,543,532,529,535,551,570,568,552,531,508,499,516,543,550,545,535,513,509,536,540,520,476,396,280,146,41,68,252,523,775,937,962,890,793,705,644,618,604,588,570,550,534,525,528,524,496,474,479,502,510,505,495,484,483,486,486,480,463,466,468,473,481,472,471,481,496,503,509,505,493,479,474,475,485,498,504,503,499,492,496,510,535,544,551,566,581,605,622,614,597,583,583,593,593,586,563,543,531,527,515,511,519,519,504,480,462,474,492,492,484,486,496,515,506,499,497,498,493,491,504,510,504,503,515,517,504,483,471,484,503,511,511,512,518,518,508,511,527,530,516,511,504,499,505,504,502,504,511,537,565,551,515,500,504,504,505,507,514,523,530,536,528,511,510,522,530,530,526,520,514,504,502,508,508,508,496,493,524,545,540,514,502,490,495,520,547,573,587,584,571,549,545,546,530,524,513,498,507,526,526,517,507,467,366,229,101,48,146,384,655,858,955,929,830,747,687,643,612,590,572,551,541,532,514,490,466,484,513,518,507,502,495,483,479,474,480,492,479,469,477,497,511,503,495,484,486,487,483,482,473,470,472,480,488,478,488,507,509,499,482,492,526,554,552,552,565,572,579,580,591,605,606,606,611,604,597,578,548,531,520,500,492,497,497,487,476,485,491,489,488,494,497,507,498,489,486,490,508,517,504,495,497,504,503,491,486,496,502,501,497,494,508,522,520,520,512,502,493,489,496,509,539,551,540,527,527,530,531,520,505,511,514,506,522,550,563,546,516,510,520,516,501,484,499,530,537,520,519,508,498,492,500,517,535,535,515,505,497,508,521,532,525,518,525,527,539,551,560,545,514,515,543,562,556,551,543,527,526,527,518,499,450,375,287,179,118,172,359,600,798,896,883,817,738,669,625,591,569,545,518,505,520,519,484,478,501,527,530,512,503,503,496,488,483,480,472,469,476,488,495,492,498,514,515,516,517,510,503,487,480,483,481,469,459,457,466,492,536,551,525,504,515,529,537,555,583,611,618,606,604,614,600,575,571,571,564,559,551,542,513,506,519,524,527,519,498,488,494,496,495,505,502,491,493,505,505,501,488,472,476,491,494,484,478,485,483,484,505,535,548,529,493,480,490,504,509,512,510,513,524,532,535,535,532,533,529,511,488,495,511,505,510,517,524,532,533,536,537,544,543,513,480,483,491,501,519,521,518,507,499,505,513,505,509,524,534,526,521,523,529,534,537,537,541,549,548,528,508,507,520,540,554,549,543,540,531,519,509,478,418,329,215,107,98,228,448,686,870,933,894,822,744,665,609,580,551,535,535,539,527,514,519,515,482,456,447,478,518,522,505,488,477,481,487,497,502,492,476,479,487,495,482,474,487,496,492,497,499,486,479,494,504,498,489,490,501,511,529,538,536,533,544,568,587,597,598,600,612,613,598,590,581,574,581,572,543,519,500,484,483,491,491,490,496,492,484,486,502,513,503,488,473,461,456,476,508,533,526,515,508,500,504,515,505,479,471,479,497,514,517,514,507,493,496,510,525,550,558,539,508,501,512,519,524,523,521,517,511,514,518,527,532,535,530,524,527,529,522,512,508,514,511,504,507,523,534,522,512,510,508,503,490,480,494,504,514,534,553,571,568,543,535,541,537,525,532,551,552,542,531,528,540,550,520,493,496,515,521,498,441,348,223,114,75,187,416,670,867,950,908,804,718,655,612,601,593,582,554,529,531,530,526,518,502,486,487,493,503,494,492,508,498,469,448,451,465,486,500,503,489,491,499,492,492,497,489,483,479,476,473,475,484,497,489,468,471,486,488,496,526,551,565,581,593,611,626,622,608,605,616,605,575,542,529,534,536,536,525,515,502,484,488,511,522,511,495,478,459,455,460,486,504,507,510,508,503,503,514,530,514,488,483,487,490,489,492,507,527,533,521,518,510,496,488,496,510,516,524,521,519,520,514,510,518,511,503,528,553,560,550,531,531,533,520,507,500,503,504,508,518,525,524,511,492,490,520,545,537,523,509,500,496,488,492,492,496,518,538,546,538,534,557,596,599,562,547,544,527,510,497,498,505,514,529,537,538,529,514,506,459,358,234,113,60,174,423,691,872,935,904,828,739,664,619,591,572,558,540,516,518,531,517,501,504,495,478,475,494,499,484,490,502,496,480,482,510,510,492,477,488,497,486,467,457,472,488,502,516,510,488,473,472,480,492,504,516,507,492,502,531,558,567,566,592,596,583,585,593,605,617,613,593,569,549,532,533,525,512,513,512,507,494,491,494,487,487,484,479,472,486,512,515,506,495,486,489,492,493,505,502,488,463,445,461,492,518,537,550,550,535,528,520,500,486,481,484,505,523,531,525,515,516,518,523,531,531,536,527,499,476,484,511,533,543,552,564,563,540,510,505,526,545,534,506,494,484,489,491,490,503,521,530,529,520,511,508,515,527,539,563,578,564,544,532,530,525,527,526,536,532,520,521,527,527,491,427,363,286,206,162,225,408,615,775,864,856,780,704,652,616,591,572,545,522,516,504,492,496,511,510,493,495,510,518,516,508,491,474,474,480,484,496,513,511,493,484,496,499,502,509,490,480,483,478,487,499,492,489,487,487,483,483,504,529,533,531,533,545,569,591,600,609,623,627,627,608,583,565,556,546,521,510,503,494,498,510,524,518,504,497,502,508,502,484,471,484,492,495,497,492,496,500,497,488,482,500,517,517,508,500,493,505,527,532,529,515,500,510,527,528,513,520,547,565,548,534,519,511,516,521,517,509,509,516,525,520,521,537,550,542,517,472,458,482,505,531,541,527,505,497,509,509,497,495,491,483,483,506,537,536,528,535,553,558,543,536,539,539,539,539,544,538,536,543,558,556,532,505,498,506,484,434,348,227,106,75,202,450,713,878,915,867,793,721,672,644,622,597,574,556,536,515,504,501,483,468,466,476,485,482,465,471,507,518,499,496,488,463,447,445,455,483,505,506,508,499,486,489,497,497,493,496,492,476,465,476,486,497,505,509,516,537,556,570,579,598,615,626,615,583,569,582,587,563,540,545,563,557,534,513,515,524,519,521,518,509,485,470,480,499,516,511,479,473,485,490,502,515,514,499,481,474,487,497,487,478,478,493,503,518,525,515,505,505,512,518,519,512,506,502,502,510,526,527,521,523,532,556,563,542,530,536,546,542,521,504,505,508,511,518,532,536,533,522,501,495,511,521,524,509,493,498,498,500,511,515,516,517,519,528,550,568,562,542,534,553,570,564,549,521,490,491,504,517,521,524,527,504,449,342,201,89,48,147,393,678,882,956,918,825,735,670,643,631,602,553,532,524,532,530,515,509,488,474,477,480,484,489,491,474,450,455,480,476,473,488,501,505,515,517,505,487,472,469,464,453,458,482,505,508,490,462,446,464,497,514,494,493,536,563,566,580,591,597,606,611,611,608,604,597,581,567,575,572,543,509,495,499,498,492,497,504,500,494,496,502,499,495,487,475,464,474,494,508,520,523,517,508,501,486,485,504,520,512,501,509,510,517,522,521,518,515,511,500,487,488,513,536,537,528,519,521,505,485,502,525,532,530,535,553,543,519,504,503,520,536,532,508,482,495,530,547,544,539,531,529,518,500,488,495,496,488,492,512,528,533,531,540,553,566,580,580,568,562,548,530,524,527,535,543,547,540,522,520,536,537,507,431,310,176,83,120,295,551,790,922,933,862,765,687,633,599,590,590,581,554,517,492,497,510,511,512,510,496,481,477,467,463,473,489,494,493,501,480,457,455,466,482,497,512,514,495,483,479,481,482,480,479,481,477,478,492,508,525,525,494,482,496,526,565,587,598,611,619,611,593,585,585,576,568,574,569,550,522,502,499,508,504,481,464,476,493,501,505,505,512,522,514,481,463,463,470,476,478,471,479,499,503,511,533,537,508,484,492,512,515,491,483,486,500,528,546,540,527,514,518,532,525,503,500,522,538,528,518,527,535,524,509,496,495,504,532,540,529,519,517,521,520,523,518,502,490,489,485,488,506,513,519,530,556,572,541,509,487,492,527,556,562,551,537,544,540,528,539,550,556,544,511,495,511,531,537,519,463,368,257,166,137,227,417,650,827,902,874,793,711,640,589,557,547,538,528,526,522,526,534,528,513,494,498,508,504,492,480,467,468,477,485,503,518,507,493,494,491,494,504,505,494,496,494,477,468,473,470,480,501,495,480,473,482,496,506,519,534,543,553,578,608,608,603,604,585,572,596,600,568,543,548,559,558,547,525,504,494,492,491,482,472,463,480,497,487,477,486,499,507,500,493,515,521,497,491,492,493,482,491,496,480,488,505,518,519,523,534,529,511,505,498,493,511,532,524,494,480,491,506,534,546,534,525,528,536,526,492,482,513,526,533,533,516,496,493,510,539,550,538,525,529,535,516,504,503,493,474,472,488,501,506,512,528,536,539,537,549,558,556,543,529,529,546,550,536,532,532,531,518,501,508,536,552,522,430,303,171,71,88,264,520,765,922,958,888,778,695,663,649,621,580,547,518,508,509,508,506,513,522,517,509,480,450,450,473,509,514,500,500,497,486,480,484,503,521,530,525,497,470,472,478,472,468,476,486,476,465,469,476,478,483,505,527,539,552,563,579,587,591,599,605,603,607,609,602,590,579,562,547,538,539,532,515,504,501,496,502,505,504,506,498,487,476,470,473,484,491,494,496,496,508,504,512,510,495,492,493,497,487,477,480,493,520,526,509,507,518,521,520,531,543,529,501,496,515,529,527,494,473,488,515,538,565,580,563,529,500,502,512,515,518,511,513,515,522,527,524,539,549,538,518,511,507,499,493,484,470,474,503,530,543,548,533,512,522,547,565,567,561,559,553,539,521,523,530,527,531,531,525,528,540,519,478,419,338,227,110,46,136,376,669,884,977,937,830,721,660,635,615,597,586,562,536,503,498,524,537,536,516,482,473,476,476,467,463,455,466,486,496,503,530,534,483,437,437,465,500,510,501,496,494,487,486,494,486,472,468,476,481,483,487,502,522,529,537,547,565,590,613,634,644,641,607,560,536,541,553,560,563,558,536,521,517,494,484,506,529,536,521,502,500,497,491,484,479,476,462,470,489,493,494,506,511,504,500,507,515,516,508,489,474,485,499,498,486,487,502,509,519,529,534,533,531,532,523,506,484,481,504,526,536,543,558,555,535,516,511,507,501,504,510,526,544,543,527,507,501,500,506,519,531,541,519,508,511,515,513,496,486,500,519,527,532,538,537,550,558,548,544,547,547,552,560,554,525,499,501,510,495,475,451,415,335,225,145,157,297,516,736,872,907,860,771,683,612,575,569,560,544,534,532,542,527,500,488,500,524,533,517,480,462,463,475,492,504,508,501,488,479,476,475,487,510,510,493,484,490,497,499,489,476,470,474,485,484,472,477,496,519,536,551,555,554,566,583,589,571,567,593,617,617,603,590,585,575,557,553,545,520,500,497,489,493,507,517,512,500,496,496,478,457,457,474,496,500,499,504,509,507,505,516,508,491,478,480,491,491,490,513,538,533,517,507,496,499,534,544,513,488,491,505,511,524,537,521,513,518,528,545,537,514,494,489,498,515,521,529,534,536,515,487,504,540,556,536,516,506,481,472,488,509,520,524,523,520,530,542,547,544,546,556,563,550,533,541,552,537,518,515,515,496,498,516,526,526,501,421,311,209,152,173,316,534,737,858,870,829,775,721,662,604,568,563,549,536,534,521,508,492,467,465,483,495,501,519,529,513,486,469,473,494,501,486,481,498,518,512,498,471,464,475,480,479,475,488,516,518,495,478,493,508,487,474,498,523,515,519,558,598,609,594,588,611,617,619,625,606,579,554,545,557,553,531,517,511,510,496,485,469,461,473,495,496,485,481,492,494,486,483,487,491,482,483,505,519,515,508,502,489,485,490,510,521,510,487,477,483,495,512,519,532,552,548,529,515,500,485,493,512,523,514,509,527,534,527,519,518,512,516,533,540,530,516,510,513,521,521,512,516,529,534,514,507,507,490,487,492,494,500,516,523,521,524,521,531,536,543,547,542,552,565,559,542,526,529
